0 3.56693481044057
1 2.44662969716121
2 1.29508025853757
3 4.37130762611074
4 6.10590868149885
5 5.81822660904707
6 4.15999853244354
7 4.28675023808268
8 3.96584251800258
9 6.28823023829281
10 4.63957161270542
11 4.80662569736859
12 4.76217393479776
13 3.29249796473881
14 5.70044357339069
15 6.7990558620588
16 5.95175800167159
17 4.09100566095659
18 4.46368094624176
19 4.95322917156047
20 5.70044357339069
21 4.85314571300348
22 6.28823023829281
23 4.23410650459726
24 5.33271879326537
25 5.25861082111165
26 5.00729639283074
27 6.7990558620588
28 6.28823023829281
29 4.15999853244354
30 3.4433208544734
31 5.41276150093891
32 1.07765178605278
33 5.1896179496247
34 6.7990558620588
35 5.25861082111165
36 7.20452097016696
37 7.20452097016696
38 5.70044357339069
39 1.28831890755953
40 5.81822660904707
41 1.18349762081743
42 4.71961432037896
43 4.5654636405517
44 1.8645819289281
45 6.28823023829281
46 4.6787923258587
47 5.12507942848712
48 6.7990558620588
49 7.20452097016696
50 7.20452097016696
51 7.20452097016696
52 5.00729639283074
53 2.77370417132365
54 5.12507942848712
55 4.5654636405517
56 4.46368094624176
57 4.53037232074043
58 5.81822660904707
59 4.80662569736859
60 5.00729639283074
61 5.95175800167159
62 6.51137378960702
63 6.28823023829281
64 4.15999853244354
65 7.20452097016696
66 4.20878869661297
67 5.95175800167159
68 7.20452097016696
69 6.28823023829281
70 7.20452097016696
71 7.20452097016696
72 6.7990558620588
73 4.20878869661297
74 5.95175800167159
75 5.81822660904707
76 2.88703285663065
77 6.51137378960702
78 5.59508305773286
79 6.7990558620588
80 4.06902675423781
81 6.7990558620588
82 3.75453342433537
83 7.20452097016696
84 5.95175800167159
85 2.28089705306033
86 6.10590868149885
87 6.28823023829281
88 7.20452097016696
89 2.88038831391198
90 6.51137378960702
91 4.85314571300348
92 5.81822660904707
93 5.70044357339069
94 6.7990558620588
95 3.80332358850481
96 3.25327725158553
97 4.63957161270542
98 3.04563788680729
99 4.23410650459726
100 3.94642443214548
101 4.85314571300348
102 4.09100566095659
103 4.3141492122708
104 4.80662569736859
105 4.04752054901685
106 4.1840960840226
107 5.49977287792854
108 5.81822660904707
109 5.59508305773286
110 7.20452097016696
111 6.7990558620588
112 7.20452097016696
113 5.70044357339069
114 5.00729639283074
115 7.20452097016696
116 7.20452097016696
117 5.81822660904707
118 7.20452097016696
119 7.20452097016696
120 7.20452097016696
121 7.20452097016696
122 5.95175800167159
123 4.90193587717291
124 5.70044357339069
125 4.80662569736859
126 5.70044357339069
127 6.7990558620588
128 4.53037232074043
129 6.10590868149885
130 5.59508305773286
131 7.20452097016696
132 2.8414223453786
133 5.33271879326537
134 5.25861082111165
135 4.26008199100052
136 5.06445480667069
137 5.33271879326537
138 4.46368094624176
139 6.51137378960702
140 6.10590868149885
141 4.53037232074043
142 5.81822660904707
143 6.7990558620588
144 5.06445480667069
145 5.81822660904707
146 2.17408304877453
147 4.60183128472258
148 6.28823023829281
149 5.70044357339069
150 7.20452097016696
151 4.71961432037896
152 3.62100203171085
153 3.92737623717478
154 4.37130762611074
155 4.53037232074043
156 4.76217393479776
157 3.56693481044057
158 2.29186608443091
159 4.34232008923749
160 5.33271879326537
161 5.49977287792854
162 2.16432687382916
163 5.59508305773286
164 6.7990558620588
165 7.20452097016696
166 5.00729639283074
167 2.89372184478145
168 2.62466859216316
169 5.33271879326537
170 3.56693481044057
171 5.41276150093891
172 3.69297553133594
173 5.81822660904707
174 5.06445480667069
175 3.85461688289236
176 4.37130762611074
177 5.95175800167159
178 4.26008199100052
179 4.09100566095659
180 5.12507942848712
181 4.15999853244354
182 4.53037232074043
183 4.49647076906475
184 5.95175800167159
185 7.20452097016696
186 5.1896179496247
187 6.7990558620588
188 7.20452097016696
189 7.20452097016696
190 6.28823023829281
191 7.20452097016696
192 6.28823023829281
193 7.20452097016696
194 1.9548687756002
195 7.20452097016696
196 5.81822660904707
197 7.20452097016696
198 6.7990558620588
199 5.81822660904707
200 6.51137378960702
201 5.95175800167159
202 7.20452097016696
203 5.59508305773286
204 2.94184109312565
205 7.20452097016696
206 7.20452097016696
207 7.20452097016696
208 7.20452097016696
209 7.20452097016696
210 7.20452097016696
211 7.20452097016696
212 7.20452097016696
213 7.20452097016696
214 7.20452097016696
215 7.20452097016696
216 5.41276150093891
217 4.80662569736859
218 4.80662569736859
219 6.51137378960702
220 2.07758522037454
221 5.25861082111165
222 6.51137378960702
223 5.70044357339069
224 6.10590868149885
225 5.33271879326537
226 6.51137378960702
227 6.51137378960702
228 6.7990558620588
229 1.84557898180249
230 5.49977287792854
231 6.7990558620588
232 6.28823023829281
233 6.7990558620588
234 5.95175800167159
235 6.51137378960702
236 6.51137378960702
237 6.7990558620588
238 7.20452097016696
239 6.7990558620588
240 2.71588460043482
241 4.95322917156047
242 5.06445480667069
243 2.99982835077599
244 7.20452097016696
245 7.20452097016696
246 5.1896179496247
247 5.81822660904707
248 3.32295717222352
249 5.81822660904707
250 4.95322917156047
251 6.28823023829281
252 3.12698352626124
253 6.10590868149885
254 5.81822660904707
255 7.20452097016696
256 6.51137378960702
257 6.51137378960702
258 7.20452097016696
259 4.5654636405517
260 5.41276150093891
261 6.28823023829281
262 6.7990558620588
263 3.4433208544734
264 6.10590868149885
265 3.90868410416263
266 5.12507942848712
267 6.7990558620588
268 7.20452097016696
269 6.7990558620588
270 4.46368094624176
271 7.20452097016696
272 7.20452097016696
273 4.37130762611074
274 3.66356164612965
275 5.00729639283074
276 4.76217393479776
277 2.16432687382916
278 7.20452097016696
279 5.49977287792854
280 6.28823023829281
281 4.76217393479776
282 3.72328088083127
283 3.32295717222352
284 3.73878506736723
285 5.49977287792854
286 6.28823023829281
287 7.20452097016696
288 3.64917290867755
289 7.20452097016696
290 5.25861082111165
291 5.49977287792854
292 7.20452097016696
293 6.7990558620588
294 7.20452097016696
295 7.20452097016696
296 7.20452097016696
297 6.28823023829281
298 6.28823023829281
299 7.20452097016696
300 7.20452097016696
301 4.95322917156047
302 7.20452097016696
303 4.85314571300348
304 7.20452097016696
305 4.49647076906475
306 4.26008199100052
307 5.95175800167159
308 6.51137378960702
309 7.20452097016696
310 6.7990558620588
311 7.20452097016696
312 6.51137378960702
313 6.28823023829281
314 5.59508305773286
315 2.82249433549308
316 5.70044357339069
317 6.51137378960702
318 7.20452097016696
319 5.25861082111165
320 4.95322917156047
321 6.10590868149885
322 7.20452097016696
323 4.46368094624176
324 4.49647076906475
325 3.56693481044057
326 7.20452097016696
327 5.81822660904707
328 7.20452097016696
329 7.20452097016696
330 6.7990558620588
331 6.51137378960702
332 5.70044357339069
333 3.32295717222352
334 6.10590868149885
335 6.10590868149885
336 6.10590868149885
337 3.80332358850481
338 5.33271879326537
339 3.75453342433537
340 7.20452097016696
341 3.70801340870048
342 5.81822660904707
343 6.7990558620588
344 7.20452097016696
345 7.20452097016696
346 5.41276150093891
347 5.81822660904707
348 3.90868410416263
349 4.00584785261628
350 6.51137378960702
351 4.71961432037896
352 5.81822660904707
353 3.98564514529876
354 5.00729639283074
355 4.37130762611074
356 5.25861082111165
357 3.98564514529876
358 3.82013070682119
359 5.33271879326537
360 5.95175800167159
361 5.06445480667069
362 4.02646713981902
363 5.33271879326537
364 5.95175800167159
365 6.28823023829281
366 7.20452097016696
367 7.20452097016696
368 4.34232008923749
369 5.81822660904707
370 6.10590868149885
371 4.80662569736859
372 6.28823023829281
373 4.85314571300348
374 6.10590868149885
375 4.71961432037896
376 7.20452097016696
377 3.49094890346265
378 5.49977287792854
379 5.95175800167159
380 6.7990558620588
381 5.81822660904707
382 6.28823023829281
383 5.81822660904707
384 6.10590868149885
385 7.20452097016696
386 6.28823023829281
387 6.10590868149885
388 6.10590868149885
389 4.76217393479776
390 7.20452097016696
391 4.13646803503334
392 6.51137378960702
393 5.70044357339069
394 5.41276150093891
395 7.20452097016696
396 7.20452097016696
397 7.20452097016696
398 3.21553692360269
399 4.71961432037896
400 5.41276150093891
401 7.20452097016696
402 7.20452097016696
403 4.80662569736859
404 7.20452097016696
405 6.51137378960702
406 5.70044357339069
407 7.20452097016696
408 5.59508305773286
409 5.06445480667069
410 7.20452097016696
411 5.33271879326537
412 6.7990558620588
413 5.59508305773286
414 7.20452097016696
415 6.51137378960702
416 5.33271879326537
417 7.20452097016696
418 6.7990558620588
419 6.7990558620588
420 6.7990558620588
421 5.12507942848712
422 7.20452097016696
423 6.51137378960702
424 6.7990558620588
425 5.81822660904707
426 5.59508305773286
427 7.20452097016696
428 6.51137378960702
429 7.20452097016696
430 7.20452097016696
431 6.7990558620588
432 7.20452097016696
433 7.20452097016696
434 6.51137378960702
435 6.7990558620588
436 7.20452097016696
437 6.7990558620588
438 4.71961432037896
439 7.20452097016696
440 4.85314571300348
441 6.51137378960702
442 7.20452097016696
443 7.20452097016696
444 7.20452097016696
445 7.20452097016696
446 7.20452097016696
447 7.20452097016696
448 4.85314571300348
449 5.49977287792854
450 6.7990558620588
451 6.7990558620588
452 7.20452097016696
453 7.20452097016696
454 7.20452097016696
455 5.95175800167159
456 6.28823023829281
457 5.81822660904707
458 6.51137378960702
459 6.7990558620588
460 7.20452097016696
461 5.49977287792854
462 6.7990558620588
463 6.28823023829281
464 5.00729639283074
465 6.51137378960702
466 5.59508305773286
467 3.83722514018049
468 5.49977287792854
469 7.20452097016696
470 7.20452097016696
471 6.10590868149885
472 5.49977287792854
473 5.25861082111165
474 5.59508305773286
475 4.90193587717291
476 7.20452097016696
477 7.20452097016696
478 3.60720870957851
479 7.20452097016696
480 6.7990558620588
481 5.59508305773286
482 6.51137378960702
483 5.81822660904707
484 6.7990558620588
485 4.13646803503334
486 6.10590868149885
487 7.20452097016696
488 7.20452097016696
489 4.90193587717291
490 5.95175800167159
491 5.95175800167159
492 3.90868410416263
493 6.28823023829281
494 7.20452097016696
495 4.95322917156047
496 6.51137378960702
497 7.20452097016696
498 7.20452097016696
499 7.20452097016696
500 6.51137378960702
501 6.51137378960702
502 7.20452097016696
503 7.20452097016696
504 6.7990558620588
505 6.7990558620588
506 6.51137378960702
507 6.7990558620588
508 7.20452097016696
509 5.59508305773286
510 7.20452097016696
511 6.51137378960702
512 7.20452097016696
513 6.7990558620588
514 7.20452097016696
515 5.1896179496247
516 5.49977287792854
517 6.51137378960702
518 4.15999853244354
519 7.20452097016696
520 6.10590868149885
521 5.25861082111165
522 7.20452097016696
523 6.51137378960702
524 4.23410650459726
525 6.51137378960702
526 6.28823023829281
527 7.20452097016696
528 7.20452097016696
529 5.81822660904707
530 7.20452097016696
531 5.59508305773286
532 4.85314571300348
533 6.10590868149885
534 5.95175800167159
535 5.81822660904707
536 6.10590868149885
537 6.10590868149885
538 6.7990558620588
539 6.51137378960702
540 5.81822660904707
541 6.51137378960702
542 7.20452097016696
543 6.7990558620588
544 6.10590868149885
545 6.7990558620588
546 6.28823023829281
547 6.7990558620588
548 5.95175800167159
549 5.33271879326537
550 6.28823023829281
551 6.10590868149885
552 6.10590868149885
553 3.94642443214548
554 6.51137378960702
555 6.51137378960702
556 5.95175800167159
557 6.7990558620588
558 6.7990558620588
559 6.28823023829281
560 6.10590868149885
561 7.20452097016696
562 6.51137378960702
563 4.80662569736859
564 7.20452097016696
565 4.63957161270542
566 6.51137378960702
567 7.20452097016696
568 6.10590868149885
569 7.20452097016696
570 5.49977287792854
571 6.7990558620588
572 5.33271879326537
573 4.37130762611074
574 5.33271879326537
575 7.20452097016696
576 5.95175800167159
577 7.20452097016696
578 6.28823023829281
579 7.20452097016696
580 6.10590868149885
581 5.95175800167159
582 5.70044357339069
583 7.20452097016696
584 6.7990558620588
585 5.12507942848712
586 5.95175800167159
587 5.81822660904707
588 6.7990558620588
589 6.28823023829281
590 5.59508305773286
591 4.53037232074043
592 5.25861082111165
593 6.28823023829281
594 5.70044357339069
595 6.51137378960702
596 6.7990558620588
597 7.20452097016696
598 5.70044357339069
599 5.00729639283074
600 7.20452097016696
601 5.25861082111165
602 6.7990558620588
603 7.20452097016696
604 6.51137378960702
605 5.81822660904707
606 7.20452097016696
607 5.70044357339069
608 7.20452097016696
609 6.51137378960702
610 6.28823023829281
611 5.95175800167159
612 6.28823023829281
613 6.28823023829281
614 5.70044357339069
615 7.20452097016696
616 5.81822660904707
617 4.85314571300348
618 4.71961432037896
619 6.10590868149885
620 7.20452097016696
621 6.51137378960702
622 7.20452097016696
623 6.7990558620588
624 7.20452097016696
625 6.10590868149885
626 5.70044357339069
627 6.51137378960702
628 5.70044357339069
629 6.28823023829281
630 6.51137378960702
631 6.7990558620588
632 6.28823023829281
633 6.51137378960702
634 6.51137378960702
635 7.20452097016696
636 6.10590868149885
637 7.20452097016696
638 5.95175800167159
639 4.23410650459726
640 7.20452097016696
641 7.20452097016696
642 7.20452097016696
643 6.51137378960702
644 5.95175800167159
645 7.20452097016696
646 5.81822660904707
647 6.51137378960702
648 5.49977287792854
649 5.81822660904707
650 6.7990558620588
651 4.3141492122708
652 7.20452097016696
653 6.28823023829281
654 6.7990558620588
655 7.20452097016696
656 7.20452097016696
657 6.28823023829281
658 5.25861082111165
659 4.6787923258587
660 7.20452097016696
661 4.90193587717291
662 6.7990558620588
663 6.51137378960702
664 5.49977287792854
665 7.20452097016696
666 7.20452097016696
667 6.51137378960702
668 6.7990558620588
669 5.81822660904707
670 5.33271879326537
671 7.20452097016696
672 7.20452097016696
673 6.28823023829281
674 7.20452097016696
675 6.7990558620588
676 5.70044357339069
677 5.59508305773286
678 6.28823023829281
679 5.95175800167159
680 7.20452097016696
681 6.7990558620588
682 5.95175800167159
683 6.28823023829281
684 5.00729639283074
685 5.70044357339069
686 6.51137378960702
687 5.41276150093891
688 7.20452097016696
689 6.7990558620588
690 4.49647076906475
691 6.28823023829281
692 7.20452097016696
693 7.20452097016696
694 6.7990558620588
695 7.20452097016696
696 6.28823023829281
697 6.28823023829281
698 5.25861082111165
699 7.20452097016696
700 7.20452097016696
701 5.49977287792854
702 6.7990558620588
703 6.7990558620588
704 7.20452097016696
705 6.7990558620588
706 5.59508305773286
707 4.49647076906475
708 5.70044357339069
709 5.95175800167159
710 7.20452097016696
711 6.28823023829281
712 6.7990558620588
713 6.28823023829281
714 6.51137378960702
715 7.20452097016696
716 6.51137378960702
717 6.51137378960702
718 6.51137378960702
719 7.20452097016696
720 7.20452097016696
721 7.20452097016696
722 6.28823023829281
723 6.7990558620588
724 7.20452097016696
725 7.20452097016696
726 6.7990558620588
727 6.10590868149885
728 5.95175800167159
729 7.20452097016696
730 6.51137378960702
731 6.28823023829281
732 7.20452097016696
733 6.7990558620588
734 6.28823023829281
735 6.7990558620588
736 5.81822660904707
737 5.41276150093891
738 6.51137378960702
739 7.20452097016696
740 6.7990558620588
741 7.20452097016696
742 7.20452097016696
743 7.20452097016696
744 5.95175800167159
745 4.63957161270542
746 7.20452097016696
747 6.51137378960702
748 5.95175800167159
749 6.10590868149885
750 7.20452097016696
751 5.81822660904707
752 5.95175800167159
753 7.20452097016696
754 6.51137378960702
755 6.51137378960702
756 6.7990558620588
757 7.20452097016696
758 5.49977287792854
759 6.10590868149885
760 7.20452097016696
761 6.51137378960702
762 6.51137378960702
763 6.10590868149885
764 5.70044357339069
765 6.51137378960702
766 5.06445480667069
767 7.20452097016696
768 7.20452097016696
769 5.70044357339069
770 7.20452097016696
771 5.00729639283074
772 3.83722514018049
773 7.20452097016696
774 7.20452097016696
775 7.20452097016696
776 5.41276150093891
777 5.95175800167159
778 6.7990558620588
779 5.25861082111165
780 6.28823023829281
781 6.7990558620588
782 6.28823023829281
783 6.28823023829281
784 6.7990558620588
785 6.7990558620588
786 5.95175800167159
787 6.10590868149885
788 6.51137378960702
789 7.20452097016696
790 6.7990558620588
791 6.10590868149885
792 7.20452097016696
793 6.28823023829281
794 7.20452097016696
795 5.59508305773286
796 5.1896179496247
797 6.28823023829281
798 7.20452097016696
799 7.20452097016696
800 5.70044357339069
801 5.81822660904707
802 5.95175800167159
803 5.95175800167159
804 7.20452097016696
805 6.28823023829281
806 6.51137378960702
807 7.20452097016696
808 6.7990558620588
809 5.59508305773286
810 6.10590868149885
811 5.1896179496247
812 7.20452097016696
813 7.20452097016696
814 6.28823023829281
815 7.20452097016696
816 7.20452097016696
817 7.20452097016696
818 6.7990558620588
819 6.7990558620588
820 7.20452097016696
821 6.7990558620588
822 7.20452097016696
823 5.81822660904707
824 5.70044357339069
825 5.70044357339069
826 6.51137378960702
827 6.51137378960702
828 6.7990558620588
829 7.20452097016696
830 7.20452097016696
831 6.51137378960702
832 6.7990558620588
833 7.20452097016696
834 4.5654636405517
835 5.59508305773286
836 6.7990558620588
837 5.12507942848712
838 5.33271879326537
839 5.41276150093891
840 7.20452097016696
841 7.20452097016696
842 6.7990558620588
843 7.20452097016696
844 6.28823023829281
845 6.7990558620588
846 6.28823023829281
847 4.13646803503334
848 7.20452097016696
849 6.51137378960702
850 6.10590868149885
851 7.20452097016696
852 6.51137378960702
853 7.20452097016696
854 5.49977287792854
855 6.7990558620588
856 4.71961432037896
857 4.80662569736859
858 5.00729639283074
859 7.20452097016696
860 7.20452097016696
861 5.33271879326537
862 7.20452097016696
863 4.5654636405517
864 5.1896179496247
865 7.20452097016696
866 5.06445480667069
867 5.25861082111165
868 7.20452097016696
869 7.20452097016696
870 6.7990558620588
871 5.33271879326537
872 5.41276150093891
873 6.7990558620588
874 7.20452097016696
875 7.20452097016696
876 7.20452097016696
877 7.20452097016696
878 6.10590868149885
879 7.20452097016696
880 7.20452097016696
881 7.20452097016696
882 7.20452097016696
883 7.20452097016696
884 6.7990558620588
885 5.12507942848712
886 6.7990558620588
887 7.20452097016696
888 7.20452097016696
889 7.20452097016696
890 7.20452097016696
891 6.51137378960702
892 6.28823023829281
893 5.49977287792854
894 6.51137378960702
895 7.20452097016696
896 6.7990558620588
897 6.7990558620588
898 7.20452097016696
899 7.20452097016696
900 7.20452097016696
901 5.49977287792854
902 7.20452097016696
903 6.7990558620588
904 7.20452097016696
905 7.20452097016696
906 7.20452097016696
907 7.20452097016696
908 7.20452097016696
909 7.20452097016696
910 5.95175800167159
911 5.49977287792854
912 6.7990558620588
913 7.20452097016696
914 7.20452097016696
915 6.7990558620588
916 7.20452097016696
917 6.51137378960702
918 7.20452097016696
919 7.20452097016696
920 7.20452097016696
921 5.25861082111165
922 5.70044357339069
923 7.20452097016696
924 5.12507942848712
925 7.20452097016696
926 7.20452097016696
927 5.1896179496247
928 6.10590868149885
929 6.10590868149885
930 6.7990558620588
931 5.33271879326537
932 6.28823023829281
933 6.51137378960702
934 6.51137378960702
935 6.7990558620588
936 6.51137378960702
937 6.51137378960702
938 6.10590868149885
939 5.95175800167159
940 6.7990558620588
941 7.20452097016696
942 6.51137378960702
943 6.51137378960702
944 6.51137378960702
945 6.51137378960702
946 4.5654636405517
947 6.7990558620588
948 6.7990558620588
949 5.81822660904707
950 7.20452097016696
951 7.20452097016696
952 6.51137378960702
953 6.28823023829281
954 5.49977287792854
955 6.7990558620588
956 6.51137378960702
957 5.41276150093891
958 7.20452097016696
959 7.20452097016696
960 6.7990558620588
961 5.95175800167159
962 6.10590868149885
963 6.10590868149885
964 7.20452097016696
965 7.20452097016696
966 7.20452097016696
967 5.81822660904707
968 6.28823023829281
969 7.20452097016696
970 7.20452097016696
971 5.49977287792854
972 6.51137378960702
973 5.59508305773286
974 7.20452097016696
975 6.7990558620588
976 6.7990558620588
977 6.7990558620588
978 7.20452097016696
979 7.20452097016696
980 7.20452097016696
981 5.81822660904707
982 5.33271879326537
983 6.51137378960702
984 5.70044357339069
985 7.20452097016696
986 6.28823023829281
987 7.20452097016696
988 7.20452097016696
989 6.7990558620588
990 6.7990558620588
991 6.51137378960702
992 6.51137378960702
993 6.7990558620588
994 5.70044357339069
995 6.7990558620588
996 7.20452097016696
997 7.20452097016696
998 7.20452097016696
999 5.33271879326537
1000 6.7990558620588
1001 6.28823023829281
1002 6.7990558620588
1003 6.10590868149885
1004 6.7990558620588
1005 6.51137378960702
1006 5.33271879326537
1007 6.7990558620588
1008 6.51137378960702
1009 5.70044357339069
1010 7.20452097016696
1011 7.20452097016696
1012 7.20452097016696
1013 5.06445480667069
1014 6.51137378960702
1015 5.95175800167159
1016 5.70044357339069
1017 6.7990558620588
1018 6.7990558620588
1019 7.20452097016696
1020 7.20452097016696
1021 6.28823023829281
1022 6.51137378960702
1023 6.7990558620588
1024 6.7990558620588
1025 6.28823023829281
1026 5.70044357339069
1027 7.20452097016696
1028 7.20452097016696
1029 5.70044357339069
1030 6.51137378960702
1031 7.20452097016696
1032 7.20452097016696
1033 7.20452097016696
1034 5.95175800167159
1035 5.95175800167159
1036 6.7990558620588
1037 5.25861082111165
1038 5.41276150093891
1039 6.7990558620588
1040 7.20452097016696
1041 7.20452097016696
1042 7.20452097016696
1043 6.28823023829281
1044 7.20452097016696
1045 6.7990558620588
1046 7.20452097016696
1047 7.20452097016696
1048 7.20452097016696
1049 6.7990558620588
1050 6.7990558620588
1051 7.20452097016696
1052 5.95175800167159
1053 6.28823023829281
1054 5.95175800167159
1055 7.20452097016696
1056 7.20452097016696
1057 5.06445480667069
1058 6.51137378960702
1059 5.59508305773286
1060 7.20452097016696
1061 7.20452097016696
1062 7.20452097016696
1063 6.51137378960702
1064 6.7990558620588
1065 6.7990558620588
1066 6.10590868149885
1067 4.6787923258587
1068 6.51137378960702
1069 6.10590868149885
1070 7.20452097016696
1071 7.20452097016696
1072 6.7990558620588
1073 7.20452097016696
1074 7.20452097016696
1075 6.51137378960702
1076 6.51137378960702
1077 6.7990558620588
1078 6.7990558620588
1079 6.7990558620588
1080 6.7990558620588
1081 7.20452097016696
1082 7.20452097016696
1083 7.20452097016696
1084 7.20452097016696
1085 7.20452097016696
1086 7.20452097016696
1087 6.7990558620588
1088 5.81822660904707
1089 6.28823023829281
1090 7.20452097016696
1091 6.51137378960702
1092 7.20452097016696
1093 7.20452097016696
1094 6.51137378960702
1095 6.7990558620588
1096 7.20452097016696
1097 7.20452097016696
1098 7.20452097016696
1099 7.20452097016696
1100 7.20452097016696
1101 5.25861082111165
1102 7.20452097016696
1103 7.20452097016696
1104 6.51137378960702
1105 7.20452097016696
1106 7.20452097016696
1107 7.20452097016696
1108 7.20452097016696
1109 7.20452097016696
1110 5.49977287792854
1111 6.7990558620588
1112 7.20452097016696
1113 7.20452097016696
1114 7.20452097016696
1115 7.20452097016696
1116 7.20452097016696
1117 7.20452097016696
1118 6.7990558620588
1119 6.7990558620588
1120 5.49977287792854
1121 6.28823023829281
1122 7.20452097016696
1123 5.06445480667069
1124 6.7990558620588
1125 6.7990558620588
1126 6.7990558620588
1127 6.28823023829281
1128 6.7990558620588
1129 5.81822660904707
1130 6.7990558620588
1131 6.7990558620588
1132 7.20452097016696
1133 7.20452097016696
1134 7.20452097016696
1135 6.7990558620588
1136 7.20452097016696
1137 7.20452097016696
1138 7.20452097016696
1139 4.71961432037896
1140 6.51137378960702
1141 7.20452097016696
1142 6.28823023829281
1143 7.20452097016696
1144 5.41276150093891
1145 6.7990558620588
1146 6.51137378960702
1147 7.20452097016696
1148 7.20452097016696
1149 7.20452097016696
1150 7.20452097016696
1151 6.7990558620588
1152 6.28823023829281
1153 6.7990558620588
1154 6.51137378960702
1155 6.7990558620588
1156 7.20452097016696
1157 5.70044357339069
1158 6.51137378960702
1159 7.20452097016696
1160 6.7990558620588
1161 7.20452097016696
1162 6.7990558620588
1163 7.20452097016696
1164 6.7990558620588
1165 7.20452097016696
1166 6.51137378960702
1167 7.20452097016696
1168 7.20452097016696
1169 7.20452097016696
1170 7.20452097016696
1171 7.20452097016696
1172 6.10590868149885
1173 7.20452097016696
1174 6.51137378960702
1175 5.70044357339069
1176 7.20452097016696
1177 7.20452097016696
1178 6.51137378960702
1179 6.7990558620588
1180 6.28823023829281
1181 7.20452097016696
1182 7.20452097016696
1183 5.95175800167159
1184 5.41276150093891
1185 6.28823023829281
1186 5.95175800167159
1187 7.20452097016696
1188 7.20452097016696
1189 6.51137378960702
1190 6.7990558620588
1191 6.51137378960702
1192 7.20452097016696
1193 6.7990558620588
1194 5.81822660904707
1195 6.51137378960702
1196 7.20452097016696
1197 7.20452097016696
1198 6.7990558620588
1199 5.81822660904707
1200 5.59508305773286
1201 6.51137378960702
1202 6.7990558620588
1203 6.7990558620588
1204 7.20452097016696
1205 6.7990558620588
1206 5.81822660904707
1207 6.28823023829281
1208 5.81822660904707
1209 6.7990558620588
1210 6.10590868149885
1211 7.20452097016696
1212 7.20452097016696
1213 6.51137378960702
1214 5.81822660904707
1215 7.20452097016696
1216 7.20452097016696
1217 5.95175800167159
1218 6.51137378960702
1219 6.51137378960702
1220 7.20452097016696
1221 6.7990558620588
1222 5.81822660904707
1223 7.20452097016696
1224 7.20452097016696
1225 7.20452097016696
1226 7.20452097016696
1227 7.20452097016696
1228 6.28823023829281
1229 6.7990558620588
1230 7.20452097016696
1231 5.59508305773286
1232 6.7990558620588
1233 7.20452097016696
1234 6.7990558620588
1235 5.06445480667069
1236 6.10590868149885
1237 6.28823023829281
1238 7.20452097016696
1239 4.15999853244354
1240 6.7990558620588
1241 7.20452097016696
1242 5.70044357339069
1243 6.51137378960702
1244 6.7990558620588
1245 7.20452097016696
1246 7.20452097016696
1247 6.7990558620588
1248 7.20452097016696
1249 7.20452097016696
1250 6.51137378960702
1251 6.7990558620588
1252 6.7990558620588
1253 5.95175800167159
1254 7.20452097016696
1255 7.20452097016696
1256 5.70044357339069
1257 7.20452097016696
1258 7.20452097016696
1259 7.20452097016696
1260 6.28823023829281
1261 6.7990558620588
1262 7.20452097016696
1263 5.59508305773286
1264 6.28823023829281
1265 6.10590868149885
1266 7.20452097016696
1267 6.7990558620588
1268 6.7990558620588
1269 6.28823023829281
1270 7.20452097016696
1271 6.28823023829281
1272 7.20452097016696
1273 6.7990558620588
1274 6.28823023829281
1275 7.20452097016696
1276 5.41276150093891
1277 7.20452097016696
1278 7.20452097016696
1279 7.20452097016696
1280 5.33271879326537
1281 6.51137378960702
1282 5.00729639283074
1283 5.95175800167159
1284 6.51137378960702
1285 5.70044357339069
1286 6.7990558620588
1287 5.1896179496247
1288 5.81822660904707
1289 7.20452097016696
1290 6.7990558620588
1291 6.7990558620588
1292 7.20452097016696
1293 6.7990558620588
1294 4.71961432037896
1295 5.49977287792854
1296 4.95322917156047
1297 7.20452097016696
1298 5.81822660904707
1299 7.20452097016696
1300 7.20452097016696
1301 6.28823023829281
1302 6.28823023829281
1303 5.95175800167159
1304 7.20452097016696
1305 5.81822660904707
1306 6.51137378960702
1307 6.10590868149885
1308 6.7990558620588
1309 7.20452097016696
1310 7.20452097016696
1311 5.12507942848712
1312 5.95175800167159
1313 7.20452097016696
1314 7.20452097016696
1315 7.20452097016696
1316 5.1896179496247
1317 5.81822660904707
1318 7.20452097016696
1319 7.20452097016696
1320 5.95175800167159
1321 7.20452097016696
1322 5.49977287792854
1323 5.59508305773286
1324 6.7990558620588
1325 6.7990558620588
1326 6.28823023829281
1327 7.20452097016696
1328 7.20452097016696
1329 7.20452097016696
1330 5.25861082111165
1331 7.20452097016696
1332 6.7990558620588
1333 7.20452097016696
1334 7.20452097016696
1335 6.7990558620588
1336 6.51137378960702
1337 5.59508305773286
1338 6.28823023829281
1339 5.59508305773286
1340 6.7990558620588
1341 6.7990558620588
1342 6.7990558620588
1343 7.20452097016696
1344 7.20452097016696
1345 6.7990558620588
1346 5.06445480667069
1347 5.25861082111165
1348 6.7990558620588
1349 7.20452097016696
1350 5.33271879326537
1351 7.20452097016696
1352 7.20452097016696
1353 7.20452097016696
1354 6.7990558620588
1355 7.20452097016696
1356 6.28823023829281
1357 6.10590868149885
1358 7.20452097016696
1359 6.7990558620588
1360 5.33271879326537
1361 6.28823023829281
1362 6.7990558620588
1363 7.20452097016696
1364 6.7990558620588
1365 6.7990558620588
1366 6.7990558620588
1367 6.10590868149885
1368 6.51137378960702
1369 5.81822660904707
1370 6.28823023829281
1371 6.7990558620588
1372 6.51137378960702
1373 6.7990558620588
1374 6.10590868149885
1375 7.20452097016696
1376 7.20452097016696
1377 5.81822660904707
1378 6.10590868149885
1379 6.51137378960702
1380 7.20452097016696
1381 6.7990558620588
1382 5.25861082111165
1383 5.41276150093891
1384 7.20452097016696
1385 7.20452097016696
1386 6.7990558620588
1387 7.20452097016696
1388 6.7990558620588
1389 6.7990558620588
1390 5.1896179496247
1391 6.51137378960702
1392 5.49977287792854
1393 5.95175800167159
1394 7.20452097016696
1395 6.28823023829281
1396 6.7990558620588
1397 6.7990558620588
1398 7.20452097016696
1399 6.10590868149885
1400 7.20452097016696
1401 5.95175800167159
1402 6.7990558620588
1403 6.7990558620588
1404 6.28823023829281
1405 6.10590868149885
1406 7.20452097016696
1407 6.7990558620588
1408 6.51137378960702
1409 5.70044357339069
1410 5.49977287792854
1411 6.51137378960702
1412 6.7990558620588
1413 5.95175800167159
1414 6.7990558620588
1415 5.33271879326537
1416 5.49977287792854
1417 6.7990558620588
1418 5.95175800167159
1419 7.20452097016696
1420 6.51137378960702
1421 5.95175800167159
1422 7.20452097016696
1423 7.20452097016696
1424 5.41276150093891
1425 5.70044357339069
1426 7.20452097016696
1427 7.20452097016696
1428 7.20452097016696
1429 6.7990558620588
1430 6.28823023829281
1431 7.20452097016696
1432 6.7990558620588
1433 6.51137378960702
1434 7.20452097016696
1435 7.20452097016696
1436 7.20452097016696
1437 7.20452097016696
1438 6.28823023829281
1439 6.51137378960702
1440 7.20452097016696
1441 7.20452097016696
1442 7.20452097016696
1443 7.20452097016696
1444 7.20452097016696
1445 7.20452097016696
1446 6.7990558620588
1447 5.33271879326537
1448 7.20452097016696
1449 4.6787923258587
1450 7.20452097016696
1451 7.20452097016696
1452 7.20452097016696
1453 7.20452097016696
1454 7.20452097016696
1455 7.20452097016696
1456 7.20452097016696
1457 4.95322917156047
1458 7.20452097016696
1459 7.20452097016696
1460 6.7990558620588
1461 6.7990558620588
1462 7.20452097016696
1463 7.20452097016696
1464 7.20452097016696
1465 7.20452097016696
1466 7.20452097016696
1467 7.20452097016696
1468 7.20452097016696
1469 7.20452097016696
1470 7.20452097016696
1471 5.95175800167159
1472 7.20452097016696
1473 6.10590868149885
1474 6.51137378960702
1475 7.20452097016696
1476 7.20452097016696
1477 6.7990558620588
1478 6.10590868149885
1479 7.20452097016696
1480 7.20452097016696
1481 7.20452097016696
1482 6.51137378960702
1483 6.7990558620588
1484 7.20452097016696
1485 7.20452097016696
1486 7.20452097016696
1487 5.70044357339069
1488 7.20452097016696
1489 5.95175800167159
1490 6.7990558620588
1491 7.20452097016696
1492 5.59508305773286
1493 5.81822660904707
1494 5.81822660904707
1495 7.20452097016696
1496 6.7990558620588
1497 7.20452097016696
1498 6.10590868149885
1499 6.7990558620588
1500 6.7990558620588
1501 6.7990558620588
1502 6.7990558620588
1503 7.20452097016696
1504 7.20452097016696
1505 7.20452097016696
1506 6.10590868149885
1507 7.20452097016696
1508 6.7990558620588
1509 6.51137378960702
1510 7.20452097016696
1511 5.70044357339069
1512 5.81822660904707
1513 7.20452097016696
1514 6.51137378960702
1515 7.20452097016696
1516 5.41276150093891
1517 6.7990558620588
1518 6.28823023829281
1519 6.7990558620588
1520 6.7990558620588
1521 7.20452097016696
1522 7.20452097016696
1523 7.20452097016696
1524 7.20452097016696
1525 7.20452097016696
1526 6.28823023829281
1527 7.20452097016696
1528 7.20452097016696
1529 6.7990558620588
1530 7.20452097016696
1531 6.7990558620588
1532 7.20452097016696
1533 5.95175800167159
1534 7.20452097016696
1535 6.51137378960702
1536 6.7990558620588
1537 7.20452097016696
1538 7.20452097016696
1539 7.20452097016696
1540 6.28823023829281
1541 6.51137378960702
1542 6.51137378960702
1543 7.20452097016696
1544 6.7990558620588
1545 6.7990558620588
1546 6.7990558620588
1547 5.59508305773286
1548 5.95175800167159
1549 7.20452097016696
1550 7.20452097016696
1551 6.51137378960702
1552 7.20452097016696
1553 6.28823023829281
1554 6.7990558620588
1555 6.7990558620588
1556 6.7990558620588
1557 7.20452097016696
1558 6.7990558620588
1559 6.7990558620588
1560 6.51137378960702
1561 6.7990558620588
1562 6.28823023829281
1563 6.7990558620588
1564 7.20452097016696
1565 7.20452097016696
1566 5.49977287792854
1567 7.20452097016696
1568 7.20452097016696
1569 7.20452097016696
1570 6.51137378960702
1571 6.28823023829281
1572 6.51137378960702
1573 7.20452097016696
1574 6.51137378960702
1575 7.20452097016696
1576 7.20452097016696
1577 7.20452097016696
1578 6.7990558620588
1579 6.7990558620588
1580 7.20452097016696
1581 6.7990558620588
1582 6.7990558620588
1583 6.7990558620588
1584 7.20452097016696
1585 7.20452097016696
1586 7.20452097016696
1587 7.20452097016696
1588 6.7990558620588
1589 7.20452097016696
1590 7.20452097016696
1591 7.20452097016696
1592 6.51137378960702
1593 6.10590868149885
1594 5.49977287792854
1595 6.51137378960702
1596 6.10590868149885
1597 5.81822660904707
1598 7.20452097016696
1599 6.7990558620588
1600 7.20452097016696
1601 6.28823023829281
1602 7.20452097016696
1603 5.95175800167159
1604 5.95175800167159
1605 7.20452097016696
1606 6.7990558620588
1607 7.20452097016696
1608 6.28823023829281
1609 6.7990558620588
1610 7.20452097016696
1611 7.20452097016696
1612 6.7990558620588
1613 7.20452097016696
1614 7.20452097016696
1615 6.51137378960702
1616 6.7990558620588
1617 5.95175800167159
1618 7.20452097016696
1619 7.20452097016696
1620 7.20452097016696
1621 6.51137378960702
1622 7.20452097016696
1623 5.81822660904707
1624 7.20452097016696
1625 5.95175800167159
1626 7.20452097016696
1627 7.20452097016696
1628 7.20452097016696
1629 7.20452097016696
1630 6.51137378960702
1631 7.20452097016696
1632 7.20452097016696
1633 7.20452097016696
1634 7.20452097016696
1635 7.20452097016696
1636 7.20452097016696
1637 6.51137378960702
1638 7.20452097016696
1639 7.20452097016696
1640 5.33271879326537
1641 7.20452097016696
1642 4.80662569736859
1643 5.70044357339069
1644 6.10590868149885
1645 5.81822660904707
1646 6.28823023829281
1647 7.20452097016696
1648 7.20452097016696
1649 7.20452097016696
1650 7.20452097016696
1651 5.95175800167159
1652 5.49977287792854
1653 6.28823023829281
1654 6.7990558620588
1655 7.20452097016696
1656 7.20452097016696
1657 7.20452097016696
1658 6.51137378960702
1659 6.51137378960702
1660 6.7990558620588
1661 5.95175800167159
1662 6.28823023829281
1663 7.20452097016696
1664 7.20452097016696
1665 6.51137378960702
1666 7.20452097016696
1667 5.25861082111165
1668 5.81822660904707
1669 6.7990558620588
1670 6.7990558620588
1671 6.28823023829281
1672 6.51137378960702
1673 6.10590868149885
1674 6.51137378960702
1675 7.20452097016696
1676 7.20452097016696
1677 7.20452097016696
1678 5.33271879326537
1679 7.20452097016696
1680 7.20452097016696
1681 7.20452097016696
1682 6.7990558620588
1683 5.81822660904707
1684 7.20452097016696
1685 6.28823023829281
1686 7.20452097016696
1687 6.51137378960702
1688 7.20452097016696
1689 7.20452097016696
1690 7.20452097016696
1691 7.20452097016696
1692 7.20452097016696
1693 6.28823023829281
1694 6.7990558620588
1695 6.51137378960702
1696 6.10590868149885
1697 6.7990558620588
1698 6.28823023829281
1699 6.7990558620588
1700 6.7990558620588
1701 5.70044357339069
1702 7.20452097016696
1703 7.20452097016696
1704 6.28823023829281
1705 6.7990558620588
1706 7.20452097016696
1707 6.28823023829281
1708 7.20452097016696
1709 6.51137378960702
1710 5.49977287792854
1711 6.51137378960702
1712 6.7990558620588
1713 6.7990558620588
1714 6.28823023829281
1715 5.70044357339069
1716 6.28823023829281
1717 7.20452097016696
1718 6.10590868149885
1719 6.7990558620588
1720 6.10590868149885
1721 7.20452097016696
1722 7.20452097016696
1723 6.28823023829281
1724 6.7990558620588
1725 6.28823023829281
1726 6.7990558620588
1727 6.28823023829281
1728 6.51137378960702
1729 5.95175800167159
1730 6.7990558620588
1731 7.20452097016696
1732 6.51137378960702
1733 6.51137378960702
1734 6.28823023829281
1735 6.51137378960702
1736 7.20452097016696
1737 6.51137378960702
1738 5.49977287792854
1739 6.7990558620588
1740 6.51137378960702
1741 6.51137378960702
1742 7.20452097016696
1743 7.20452097016696
1744 5.95175800167159
1745 6.7990558620588
1746 7.20452097016696
1747 7.20452097016696
1748 7.20452097016696
1749 5.70044357339069
1750 7.20452097016696
1751 7.20452097016696
1752 7.20452097016696
1753 7.20452097016696
1754 6.7990558620588
1755 6.10590868149885
1756 6.7990558620588
1757 6.51137378960702
1758 7.20452097016696
1759 6.51137378960702
1760 6.28823023829281
1761 7.20452097016696
1762 6.7990558620588
1763 6.28823023829281
1764 6.51137378960702
1765 6.28823023829281
1766 6.10590868149885
1767 7.20452097016696
1768 6.51137378960702
1769 5.49977287792854
1770 6.10590868149885
1771 6.10590868149885
1772 7.20452097016696
1773 5.49977287792854
1774 6.51137378960702
1775 7.20452097016696
1776 5.70044357339069
1777 5.95175800167159
1778 7.20452097016696
1779 6.51137378960702
1780 7.20452097016696
1781 6.7990558620588
1782 6.7990558620588
1783 7.20452097016696
1784 6.7990558620588
1785 7.20452097016696
1786 7.20452097016696
1787 7.20452097016696
1788 7.20452097016696
1789 7.20452097016696
1790 7.20452097016696
1791 7.20452097016696
1792 7.20452097016696
1793 7.20452097016696
1794 6.10590868149885
1795 6.51137378960702
1796 7.20452097016696
1797 7.20452097016696
1798 5.95175800167159
1799 7.20452097016696
1800 5.81822660904707
1801 6.51137378960702
1802 7.20452097016696
1803 6.7990558620588
1804 6.7990558620588
1805 7.20452097016696
1806 5.95175800167159
1807 6.7990558620588
1808 6.7990558620588
1809 6.10590868149885
1810 6.7990558620588
1811 6.7990558620588
1812 7.20452097016696
1813 7.20452097016696
1814 7.20452097016696
1815 5.70044357339069
1816 5.81822660904707
1817 7.20452097016696
1818 7.20452097016696
1819 7.20452097016696
1820 7.20452097016696
1821 6.28823023829281
1822 7.20452097016696
1823 5.81822660904707
1824 7.20452097016696
1825 6.7990558620588
1826 7.20452097016696
1827 5.95175800167159
1828 6.28823023829281
1829 7.20452097016696
1830 6.7990558620588
1831 7.20452097016696
1832 7.20452097016696
1833 6.51137378960702
1834 7.20452097016696
1835 7.20452097016696
1836 6.10590868149885
1837 7.20452097016696
1838 7.20452097016696
1839 7.20452097016696
1840 6.7990558620588
1841 5.95175800167159
1842 6.7990558620588
1843 7.20452097016696
1844 6.10590868149885
1845 6.7990558620588
1846 6.28823023829281
1847 6.28823023829281
1848 7.20452097016696
1849 7.20452097016696
1850 6.7990558620588
1851 6.51137378960702
1852 7.20452097016696
1853 6.7990558620588
1854 5.95175800167159
1855 7.20452097016696
1856 6.51137378960702
1857 7.20452097016696
1858 6.7990558620588
1859 7.20452097016696
1860 7.20452097016696
1861 5.70044357339069
1862 6.7990558620588
1863 5.33271879326537
1864 7.20452097016696
1865 6.7990558620588
1866 7.20452097016696
1867 7.20452097016696
1868 7.20452097016696
1869 6.51137378960702
1870 7.20452097016696
1871 6.7990558620588
1872 6.7990558620588
1873 7.20452097016696
1874 7.20452097016696
1875 7.20452097016696
1876 5.81822660904707
1877 6.51137378960702
1878 7.20452097016696
1879 6.51137378960702
1880 6.7990558620588
1881 7.20452097016696
1882 7.20452097016696
1883 7.20452097016696
1884 7.20452097016696
1885 7.20452097016696
1886 7.20452097016696
1887 6.51137378960702
1888 7.20452097016696
1889 7.20452097016696
1890 6.28823023829281
1891 7.20452097016696
1892 7.20452097016696
1893 7.20452097016696
1894 6.51137378960702
1895 6.51137378960702
1896 7.20452097016696
1897 7.20452097016696
1898 6.7990558620588
1899 7.20452097016696
1900 6.7990558620588
1901 5.70044357339069
1902 5.81822660904707
1903 5.81822660904707
1904 7.20452097016696
1905 6.28823023829281
1906 6.28823023829281
1907 6.28823023829281
1908 7.20452097016696
1909 7.20452097016696
1910 5.95175800167159
1911 7.20452097016696
1912 6.51137378960702
1913 7.20452097016696
1914 6.51137378960702
1915 6.28823023829281
1916 6.10590868149885
1917 6.7990558620588
1918 7.20452097016696
1919 6.7990558620588
1920 7.20452097016696
1921 7.20452097016696
1922 6.51137378960702
1923 6.51137378960702
1924 6.51137378960702
1925 7.20452097016696
1926 7.20452097016696
1927 7.20452097016696
1928 7.20452097016696
1929 6.28823023829281
1930 6.7990558620588
1931 6.7990558620588
1932 6.7990558620588
1933 5.81822660904707
1934 6.7990558620588
1935 6.7990558620588
1936 6.7990558620588
1937 5.81822660904707
1938 7.20452097016696
1939 6.7990558620588
1940 6.10590868149885
1941 7.20452097016696
1942 6.7990558620588
1943 5.49977287792854
1944 7.20452097016696
1945 6.28823023829281
1946 5.81822660904707
1947 6.28823023829281
1948 7.20452097016696
1949 6.7990558620588
1950 7.20452097016696
1951 6.51137378960702
1952 7.20452097016696
1953 7.20452097016696
1954 7.20452097016696
1955 7.20452097016696
1956 7.20452097016696
1957 6.7990558620588
1958 7.20452097016696
1959 6.7990558620588
1960 7.20452097016696
1961 7.20452097016696
1962 6.28823023829281
1963 7.20452097016696
1964 7.20452097016696
1965 7.20452097016696
1966 6.51137378960702
1967 7.20452097016696
1968 7.20452097016696
1969 6.7990558620588
1970 7.20452097016696
1971 7.20452097016696
1972 6.7990558620588
1973 6.10590868149885
1974 7.20452097016696
1975 6.28823023829281
1976 7.20452097016696
1977 7.20452097016696
1978 6.51137378960702
1979 6.7990558620588
1980 7.20452097016696
1981 7.20452097016696
1982 7.20452097016696
1983 6.7990558620588
1984 5.81822660904707
1985 6.51137378960702
1986 7.20452097016696
1987 6.10590868149885
1988 7.20452097016696
1989 6.51137378960702
1990 7.20452097016696
1991 7.20452097016696
1992 6.51137378960702
1993 6.7990558620588
1994 7.20452097016696
1995 6.10590868149885
1996 7.20452097016696
1997 7.20452097016696
1998 7.20452097016696
1999 6.51137378960702
2000 5.59508305773286
2001 7.20452097016696
2002 6.7990558620588
2003 5.12507942848712
2004 5.25861082111165
2005 7.20452097016696
2006 7.20452097016696
2007 6.7990558620588
2008 7.20452097016696
2009 7.20452097016696
2010 7.20452097016696
2011 6.7990558620588
2012 6.10590868149885
2013 6.51137378960702
2014 6.7990558620588
2015 6.28823023829281
2016 6.51137378960702
2017 7.20452097016696
2018 7.20452097016696
2019 6.7990558620588
2020 5.95175800167159
2021 6.7990558620588
2022 7.20452097016696
2023 7.20452097016696
2024 7.20452097016696
2025 6.51137378960702
2026 7.20452097016696
2027 7.20452097016696
2028 6.7990558620588
2029 7.20452097016696
2030 6.28823023829281
2031 5.49977287792854
2032 6.28823023829281
2033 7.20452097016696
2034 7.20452097016696
2035 7.20452097016696
2036 7.20452097016696
2037 7.20452097016696
2038 7.20452097016696
2039 6.28823023829281
2040 7.20452097016696
2041 7.20452097016696
2042 7.20452097016696
2043 7.20452097016696
2044 6.51137378960702
2045 7.20452097016696
2046 7.20452097016696
2047 7.20452097016696
2048 7.20452097016696
2049 6.7990558620588
2050 7.20452097016696
2051 6.7990558620588
2052 7.20452097016696
2053 7.20452097016696
2054 7.20452097016696
2055 7.20452097016696
2056 7.20452097016696
2057 6.51137378960702
2058 7.20452097016696
2059 6.10590868149885
2060 6.51137378960702
2061 6.7990558620588
2062 7.20452097016696
2063 7.20452097016696
2064 7.20452097016696
2065 7.20452097016696
2066 7.20452097016696
2067 7.20452097016696
2068 7.20452097016696
2069 5.95175800167159
2070 6.7990558620588
2071 7.20452097016696
2072 6.28823023829281
2073 6.51137378960702
2074 7.20452097016696
2075 6.28823023829281
2076 6.7990558620588
2077 7.20452097016696
2078 6.28823023829281
2079 6.7990558620588
2080 6.28823023829281
2081 6.51137378960702
2082 7.20452097016696
2083 6.51137378960702
2084 6.51137378960702
2085 7.20452097016696
2086 6.10590868149885
2087 7.20452097016696
2088 7.20452097016696
2089 7.20452097016696
2090 7.20452097016696
2091 7.20452097016696
2092 7.20452097016696
2093 6.28823023829281
2094 7.20452097016696
2095 6.7990558620588
2096 6.7990558620588
2097 6.7990558620588
2098 7.20452097016696
2099 7.20452097016696
2100 7.20452097016696
2101 7.20452097016696
2102 7.20452097016696
2103 6.51137378960702
2104 7.20452097016696
2105 6.7990558620588
2106 7.20452097016696
2107 6.7990558620588
2108 6.51137378960702
2109 7.20452097016696
2110 6.51137378960702
2111 6.7990558620588
2112 7.20452097016696
2113 7.20452097016696
2114 7.20452097016696
2115 6.7990558620588
2116 7.20452097016696
2117 7.20452097016696
2118 7.20452097016696
2119 7.20452097016696
2120 7.20452097016696
2121 7.20452097016696
2122 6.51137378960702
2123 6.7990558620588
2124 5.70044357339069
2125 7.20452097016696
2126 7.20452097016696
2127 7.20452097016696
2128 7.20452097016696
2129 7.20452097016696
2130 7.20452097016696
2131 7.20452097016696
2132 7.20452097016696
2133 7.20452097016696
2134 7.20452097016696
2135 6.51137378960702
2136 7.20452097016696
2137 7.20452097016696
2138 7.20452097016696
2139 7.20452097016696
2140 7.20452097016696
2141 6.7990558620588
2142 7.20452097016696
2143 7.20452097016696
2144 6.51137378960702
2145 7.20452097016696
2146 6.51137378960702
2147 6.7990558620588
2148 7.20452097016696
2149 6.28823023829281
2150 6.51137378960702
2151 7.20452097016696
2152 6.7990558620588
2153 6.7990558620588
2154 7.20452097016696
2155 6.7990558620588
2156 6.7990558620588
2157 7.20452097016696
2158 7.20452097016696
2159 7.20452097016696
2160 6.7990558620588
2161 6.51137378960702
2162 6.51137378960702
2163 6.28823023829281
2164 7.20452097016696
2165 7.20452097016696
2166 6.7990558620588
2167 6.7990558620588
2168 6.7990558620588
2169 7.20452097016696
2170 6.7990558620588
2171 6.51137378960702
2172 7.20452097016696
2173 7.20452097016696
2174 7.20452097016696
2175 6.28823023829281
2176 7.20452097016696
2177 7.20452097016696
2178 7.20452097016696
2179 7.20452097016696
2180 7.20452097016696
2181 6.51137378960702
2182 6.28823023829281
2183 6.7990558620588
2184 7.20452097016696
2185 6.7990558620588
2186 7.20452097016696
2187 6.7990558620588
2188 6.7990558620588
2189 7.20452097016696
2190 5.95175800167159
2191 7.20452097016696
2192 6.51137378960702
2193 7.20452097016696
2194 5.95175800167159
2195 6.51137378960702
2196 6.7990558620588
2197 6.7990558620588
2198 7.20452097016696
2199 6.7990558620588
2200 7.20452097016696
2201 7.20452097016696
2202 7.20452097016696
2203 7.20452097016696
2204 7.20452097016696
2205 7.20452097016696
2206 6.7990558620588
2207 6.51137378960702
2208 7.20452097016696
2209 7.20452097016696
2210 7.20452097016696
2211 7.20452097016696
2212 6.28823023829281
2213 6.28823023829281
2214 7.20452097016696
2215 7.20452097016696
2216 6.7990558620588
2217 7.20452097016696
2218 7.20452097016696
2219 6.7990558620588
2220 7.20452097016696
2221 6.51137378960702
2222 7.20452097016696
2223 6.7990558620588
2224 7.20452097016696
2225 7.20452097016696
2226 5.59508305773286
2227 7.20452097016696
2228 7.20452097016696
2229 6.51137378960702
2230 6.28823023829281
2231 7.20452097016696
2232 6.7990558620588
2233 7.20452097016696
2234 7.20452097016696
2235 6.28823023829281
2236 7.20452097016696
2237 7.20452097016696
2238 7.20452097016696
2239 7.20452097016696
2240 7.20452097016696
2241 6.51137378960702
2242 6.51137378960702
2243 6.7990558620588
2244 7.20452097016696
2245 6.28823023829281
2246 6.7990558620588
2247 7.20452097016696
2248 7.20452097016696
2249 7.20452097016696
2250 7.20452097016696
2251 6.7990558620588
2252 7.20452097016696
2253 6.7990558620588
2254 6.10590868149885
2255 7.20452097016696
2256 7.20452097016696
2257 7.20452097016696
2258 7.20452097016696
2259 7.20452097016696
2260 7.20452097016696
2261 7.20452097016696
2262 7.20452097016696
2263 6.7990558620588
2264 7.20452097016696
2265 7.20452097016696
2266 6.7990558620588
2267 6.28823023829281
2268 6.51137378960702
2269 7.20452097016696
2270 6.7990558620588
2271 6.7990558620588
2272 7.20452097016696
2273 7.20452097016696
2274 6.7990558620588
2275 6.7990558620588
2276 7.20452097016696
2277 7.20452097016696
2278 7.20452097016696
2279 6.28823023829281
2280 7.20452097016696
2281 7.20452097016696
2282 6.28823023829281
2283 5.81822660904707
2284 7.20452097016696
2285 6.28823023829281
2286 6.7990558620588
2287 5.95175800167159
2288 6.7990558620588
2289 7.20452097016696
2290 7.20452097016696
2291 6.7990558620588
2292 6.7990558620588
2293 6.7990558620588
2294 6.51137378960702
2295 6.7990558620588
2296 7.20452097016696
2297 7.20452097016696
2298 7.20452097016696
2299 7.20452097016696
2300 7.20452097016696
2301 7.20452097016696
2302 7.20452097016696
2303 7.20452097016696
2304 7.20452097016696
2305 6.51137378960702
2306 7.20452097016696
2307 7.20452097016696
2308 6.7990558620588
2309 7.20452097016696
2310 7.20452097016696
2311 7.20452097016696
2312 6.7990558620588
2313 7.20452097016696
2314 7.20452097016696
2315 7.20452097016696
2316 6.7990558620588
2317 6.51137378960702
2318 7.20452097016696
2319 6.51137378960702
2320 7.20452097016696
2321 7.20452097016696
2322 7.20452097016696
2323 7.20452097016696
2324 6.7990558620588
2325 7.20452097016696
2326 6.51137378960702
2327 7.20452097016696
2328 7.20452097016696
2329 6.7990558620588
2330 7.20452097016696
2331 7.20452097016696
2332 7.20452097016696
2333 5.95175800167159
2334 6.7990558620588
2335 5.95175800167159
2336 7.20452097016696
2337 7.20452097016696
2338 7.20452097016696
2339 7.20452097016696
2340 7.20452097016696
2341 6.7990558620588
2342 7.20452097016696
2343 5.95175800167159
2344 6.7990558620588
2345 7.20452097016696
2346 7.20452097016696
2347 6.7990558620588
2348 6.7990558620588
2349 5.95175800167159
2350 6.7990558620588
2351 6.7990558620588
2352 7.20452097016696
2353 7.20452097016696
2354 7.20452097016696
2355 7.20452097016696
2356 7.20452097016696
2357 7.20452097016696
2358 7.20452097016696
2359 7.20452097016696
2360 7.20452097016696
2361 7.20452097016696
2362 7.20452097016696
2363 7.20452097016696
2364 7.20452097016696
2365 7.20452097016696
2366 7.20452097016696
2367 6.51137378960702
2368 6.28823023829281
2369 6.7990558620588
2370 6.7990558620588
2371 6.7990558620588
2372 7.20452097016696
2373 6.7990558620588
2374 6.7990558620588
2375 7.20452097016696
2376 6.28823023829281
2377 7.20452097016696
2378 7.20452097016696
2379 6.51137378960702
2380 7.20452097016696
2381 7.20452097016696
2382 6.51137378960702
2383 6.7990558620588
2384 6.7990558620588
2385 7.20452097016696
2386 7.20452097016696
2387 6.28823023829281
2388 7.20452097016696
2389 7.20452097016696
2390 7.20452097016696
2391 7.20452097016696
2392 7.20452097016696
2393 7.20452097016696
2394 7.20452097016696
2395 7.20452097016696
2396 7.20452097016696
2397 6.7990558620588
2398 6.51137378960702
2399 7.20452097016696
2400 7.20452097016696
2401 7.20452097016696
2402 7.20452097016696
2403 7.20452097016696
2404 6.7990558620588
2405 6.7990558620588
2406 6.7990558620588
2407 6.7990558620588
2408 7.20452097016696
2409 5.70044357339069
2410 7.20452097016696
2411 6.7990558620588
2412 6.7990558620588
2413 6.51137378960702
2414 5.81822660904707
2415 7.20452097016696
2416 7.20452097016696
2417 6.7990558620588
2418 7.20452097016696
2419 7.20452097016696
2420 6.7990558620588
2421 7.20452097016696
2422 7.20452097016696
2423 7.20452097016696
2424 7.20452097016696
2425 7.20452097016696
2426 7.20452097016696
2427 6.7990558620588
2428 7.20452097016696
2429 5.95175800167159
2430 7.20452097016696
2431 7.20452097016696
2432 6.28823023829281
2433 7.20452097016696
2434 6.7990558620588
2435 7.20452097016696
2436 7.20452097016696
2437 7.20452097016696
2438 6.7990558620588
2439 6.10590868149885
2440 6.7990558620588
2441 6.28823023829281
2442 6.7990558620588
2443 7.20452097016696
2444 7.20452097016696
2445 7.20452097016696
2446 7.20452097016696
2447 7.20452097016696
2448 7.20452097016696
2449 7.20452097016696
2450 7.20452097016696
2451 6.7990558620588
2452 7.20452097016696
2453 7.20452097016696
2454 7.20452097016696
2455 7.20452097016696
2456 7.20452097016696
2457 7.20452097016696
2458 7.20452097016696
2459 6.10590868149885
2460 6.51137378960702
2461 7.20452097016696
2462 7.20452097016696
2463 7.20452097016696
2464 7.20452097016696
2465 7.20452097016696
2466 7.20452097016696
2467 7.20452097016696
2468 7.20452097016696
2469 7.20452097016696
2470 6.51137378960702
2471 6.51137378960702
2472 6.7990558620588
2473 7.20452097016696
2474 6.7990558620588
2475 7.20452097016696
2476 6.7990558620588
2477 6.51137378960702
2478 6.7990558620588
2479 6.51137378960702
2480 6.7990558620588
2481 7.20452097016696
2482 7.20452097016696
2483 7.20452097016696
2484 7.20452097016696
2485 6.7990558620588
2486 6.28823023829281
2487 7.20452097016696
2488 7.20452097016696
2489 7.20452097016696
2490 7.20452097016696
2491 6.7990558620588
2492 7.20452097016696
2493 6.7990558620588
2494 7.20452097016696
2495 7.20452097016696
2496 7.20452097016696
2497 6.7990558620588
2498 7.20452097016696
2499 7.20452097016696
2500 6.7990558620588
2501 7.20452097016696
2502 7.20452097016696
2503 6.51137378960702
2504 7.20452097016696
2505 7.20452097016696
2506 7.20452097016696
2507 6.7990558620588
2508 7.20452097016696
2509 7.20452097016696
2510 7.20452097016696
2511 6.7990558620588
2512 6.7990558620588
2513 7.20452097016696
2514 6.7990558620588
2515 7.20452097016696
2516 7.20452097016696
2517 6.7990558620588
2518 7.20452097016696
2519 7.20452097016696
2520 7.20452097016696
2521 6.7990558620588
2522 7.20452097016696
2523 7.20452097016696
2524 7.20452097016696
2525 7.20452097016696
2526 7.20452097016696
2527 7.20452097016696
2528 7.20452097016696
2529 6.7990558620588
2530 7.20452097016696
2531 7.20452097016696
2532 7.20452097016696
2533 6.7990558620588
2534 7.20452097016696
2535 6.7990558620588
2536 7.20452097016696
2537 7.20452097016696
2538 7.20452097016696
2539 6.51137378960702
2540 7.20452097016696
2541 7.20452097016696
2542 6.7990558620588
2543 6.7990558620588
2544 7.20452097016696
2545 7.20452097016696
2546 7.20452097016696
2547 7.20452097016696
2548 7.20452097016696
2549 6.7990558620588
2550 7.20452097016696
2551 7.20452097016696
2552 7.20452097016696
2553 7.20452097016696
2554 6.51137378960702
2555 6.28823023829281
2556 7.20452097016696
2557 6.7990558620588
2558 7.20452097016696
2559 7.20452097016696
2560 6.7990558620588
2561 7.20452097016696
2562 7.20452097016696
2563 7.20452097016696
2564 7.20452097016696
2565 6.51137378960702
2566 7.20452097016696
2567 7.20452097016696
2568 7.20452097016696
2569 6.7990558620588
2570 7.20452097016696
2571 7.20452097016696
2572 7.20452097016696
2573 7.20452097016696
2574 7.20452097016696
2575 6.7990558620588
2576 7.20452097016696
2577 7.20452097016696
2578 7.20452097016696
2579 7.20452097016696
2580 7.20452097016696
2581 7.20452097016696
2582 7.20452097016696
2583 7.20452097016696
2584 7.20452097016696
2585 7.20452097016696
2586 7.20452097016696
2587 7.20452097016696
2588 7.20452097016696
2589 7.20452097016696
2590 6.7990558620588
2591 7.20452097016696
2592 7.20452097016696
2593 7.20452097016696
2594 7.20452097016696
2595 7.20452097016696
2596 6.51137378960702
2597 7.20452097016696
2598 7.20452097016696
2599 7.20452097016696
2600 7.20452097016696
2601 7.20452097016696
2602 7.20452097016696
2603 7.20452097016696
2604 7.20452097016696
2605 7.20452097016696
2606 6.7990558620588
2607 7.20452097016696
2608 7.20452097016696
2609 7.20452097016696
2610 6.51137378960702
2611 6.7990558620588
2612 6.28823023829281
2613 7.20452097016696
2614 7.20452097016696
2615 6.51137378960702
2616 6.7990558620588
2617 7.20452097016696
2618 7.20452097016696
2619 7.20452097016696
2620 6.7990558620588
2621 6.28823023829281
2622 7.20452097016696
2623 7.20452097016696
2624 6.7990558620588
2625 6.28823023829281
2626 6.51137378960702
2627 7.20452097016696
2628 6.7990558620588
2629 7.20452097016696
2630 6.7990558620588
2631 7.20452097016696
2632 7.20452097016696
2633 7.20452097016696
2634 7.20452097016696
2635 7.20452097016696
2636 6.7990558620588
2637 6.7990558620588
2638 7.20452097016696
2639 6.7990558620588
2640 6.51137378960702
2641 6.51137378960702
2642 7.20452097016696
2643 6.7990558620588
2644 6.7990558620588
2645 6.10590868149885
2646 7.20452097016696
2647 7.20452097016696
2648 6.7990558620588
2649 7.20452097016696
2650 7.20452097016696
2651 6.7990558620588
2652 7.20452097016696
2653 7.20452097016696
2654 6.51137378960702
2655 7.20452097016696
2656 7.20452097016696
2657 6.7990558620588
2658 6.7990558620588
2659 7.20452097016696
2660 7.20452097016696
2661 6.7990558620588
2662 7.20452097016696
2663 7.20452097016696
2664 7.20452097016696
2665 7.20452097016696
2666 7.20452097016696
2667 7.20452097016696
2668 6.7990558620588
2669 6.51137378960702
2670 6.7990558620588
2671 7.20452097016696
2672 7.20452097016696
2673 6.51137378960702
2674 7.20452097016696
2675 7.20452097016696
2676 7.20452097016696
2677 7.20452097016696
2678 7.20452097016696
2679 6.7990558620588
2680 7.20452097016696
2681 7.20452097016696
2682 7.20452097016696
2683 7.20452097016696
2684 7.20452097016696
2685 6.28823023829281
2686 7.20452097016696
2687 7.20452097016696
2688 7.20452097016696
2689 7.20452097016696
2690 7.20452097016696
2691 7.20452097016696
2692 6.7990558620588
2693 7.20452097016696
2694 7.20452097016696
2695 7.20452097016696
2696 7.20452097016696
2697 6.7990558620588
2698 7.20452097016696
2699 7.20452097016696
2700 7.20452097016696
2701 7.20452097016696
2702 7.20452097016696
2703 7.20452097016696
2704 7.20452097016696
2705 7.20452097016696
2706 7.20452097016696
2707 7.20452097016696
2708 7.20452097016696
2709 7.20452097016696
2710 7.20452097016696
2711 7.20452097016696
2712 6.7990558620588
2713 7.20452097016696
2714 6.7990558620588
2715 6.51137378960702
2716 7.20452097016696
2717 7.20452097016696
2718 6.7990558620588
2719 6.51137378960702
2720 7.20452097016696
2721 6.7990558620588
2722 6.51137378960702
2723 7.20452097016696
2724 7.20452097016696
2725 6.51137378960702
2726 7.20452097016696
2727 6.7990558620588
2728 7.20452097016696
2729 7.20452097016696
2730 5.49977287792854
2731 6.7990558620588
2732 6.7990558620588
2733 7.20452097016696
2734 7.20452097016696
2735 7.20452097016696
2736 7.20452097016696
2737 7.20452097016696
2738 7.20452097016696
2739 7.20452097016696
2740 7.20452097016696
2741 6.7990558620588
2742 7.20452097016696
2743 6.7990558620588
2744 6.51137378960702
2745 7.20452097016696
2746 7.20452097016696
2747 6.7990558620588
2748 7.20452097016696
2749 6.51137378960702
2750 7.20452097016696
2751 6.51137378960702
2752 7.20452097016696
2753 6.7990558620588
2754 7.20452097016696
2755 6.28823023829281
2756 6.51137378960702
2757 6.7990558620588
2758 7.20452097016696
2759 7.20452097016696
2760 7.20452097016696
2761 7.20452097016696
2762 7.20452097016696
2763 7.20452097016696
2764 7.20452097016696
2765 7.20452097016696
2766 7.20452097016696
2767 7.20452097016696
2768 7.20452097016696
2769 7.20452097016696
2770 7.20452097016696
2771 7.20452097016696
2772 7.20452097016696
2773 7.20452097016696
2774 7.20452097016696
2775 7.20452097016696
2776 6.7990558620588
2777 7.20452097016696
2778 6.51137378960702
2779 6.7990558620588
2780 7.20452097016696
2781 6.28823023829281
2782 6.7990558620588
2783 7.20452097016696
2784 7.20452097016696
2785 7.20452097016696
2786 7.20452097016696
2787 7.20452097016696
2788 6.7990558620588
2789 6.7990558620588
2790 7.20452097016696
2791 6.7990558620588
2792 6.7990558620588
2793 7.20452097016696
2794 7.20452097016696
2795 7.20452097016696
2796 7.20452097016696
2797 7.20452097016696
2798 6.7990558620588
2799 6.7990558620588
2800 7.20452097016696
2801 6.51137378960702
2802 7.20452097016696
2803 7.20452097016696
2804 7.20452097016696
2805 7.20452097016696
2806 7.20452097016696
2807 7.20452097016696
2808 7.20452097016696
2809 6.28823023829281
2810 6.7990558620588
2811 6.7990558620588
2812 7.20452097016696
2813 7.20452097016696
2814 7.20452097016696
2815 6.51137378960702
2816 6.7990558620588
2817 7.20452097016696
2818 6.51137378960702
2819 6.7990558620588
2820 7.20452097016696
2821 7.20452097016696
2822 7.20452097016696
2823 7.20452097016696
2824 7.20452097016696
2825 7.20452097016696
2826 7.20452097016696
2827 7.20452097016696
2828 7.20452097016696
2829 6.7990558620588
2830 7.20452097016696
2831 7.20452097016696
2832 6.7990558620588
2833 7.20452097016696
2834 6.7990558620588
2835 7.20452097016696
2836 7.20452097016696
2837 7.20452097016696
2838 6.51137378960702
2839 6.7990558620588
2840 6.7990558620588
2841 7.20452097016696
2842 7.20452097016696
2843 7.20452097016696
2844 6.7990558620588
2845 7.20452097016696
2846 6.7990558620588
2847 7.20452097016696
2848 6.7990558620588
2849 7.20452097016696
2850 7.20452097016696
2851 7.20452097016696
2852 7.20452097016696
2853 7.20452097016696
2854 7.20452097016696
2855 6.7990558620588
2856 7.20452097016696
2857 7.20452097016696
2858 7.20452097016696
2859 7.20452097016696
2860 7.20452097016696
2861 7.20452097016696
2862 7.20452097016696
2863 6.7990558620588
2864 7.20452097016696
2865 7.20452097016696
2866 7.20452097016696
2867 7.20452097016696
2868 6.51137378960702
2869 7.20452097016696
2870 7.20452097016696
2871 7.20452097016696
2872 7.20452097016696
2873 6.51137378960702
2874 7.20452097016696
2875 6.7990558620588
2876 6.7990558620588
2877 7.20452097016696
2878 6.7990558620588
2879 7.20452097016696
2880 7.20452097016696
2881 7.20452097016696
2882 7.20452097016696
2883 6.7990558620588
2884 6.7990558620588
2885 7.20452097016696
2886 7.20452097016696
2887 6.7990558620588
2888 6.7990558620588
2889 7.20452097016696
2890 7.20452097016696
2891 7.20452097016696
2892 7.20452097016696
2893 7.20452097016696
2894 7.20452097016696
2895 7.20452097016696
2896 7.20452097016696
2897 7.20452097016696
2898 7.20452097016696
2899 7.20452097016696
2900 7.20452097016696
2901 7.20452097016696
2902 7.20452097016696
2903 6.7990558620588
2904 7.20452097016696
2905 6.7990558620588
2906 7.20452097016696
2907 7.20452097016696
2908 7.20452097016696
2909 7.20452097016696
2910 7.20452097016696
2911 7.20452097016696
2912 7.20452097016696
2913 7.20452097016696
2914 6.7990558620588
2915 7.20452097016696
2916 7.20452097016696
2917 7.20452097016696
2918 7.20452097016696
2919 7.20452097016696
2920 7.20452097016696
2921 7.20452097016696
2922 6.7990558620588
2923 7.20452097016696
2924 7.20452097016696
2925 6.51137378960702
2926 7.20452097016696
2927 7.20452097016696
2928 7.20452097016696
2929 7.20452097016696
2930 7.20452097016696
2931 7.20452097016696
2932 7.20452097016696
2933 6.7990558620588
2934 7.20452097016696
2935 7.20452097016696
2936 6.7990558620588
2937 6.7990558620588
2938 7.20452097016696
2939 7.20452097016696
2940 7.20452097016696
2941 7.20452097016696
2942 7.20452097016696
2943 7.20452097016696
2944 6.7990558620588
2945 7.20452097016696
2946 7.20452097016696
2947 6.7990558620588
2948 7.20452097016696
2949 6.7990558620588
2950 7.20452097016696
2951 7.20452097016696
2952 7.20452097016696
2953 7.20452097016696
2954 6.7990558620588
2955 7.20452097016696
2956 6.7990558620588
2957 7.20452097016696
2958 7.20452097016696
2959 6.51137378960702
2960 7.20452097016696
2961 7.20452097016696
2962 7.20452097016696
2963 7.20452097016696
2964 7.20452097016696
2965 6.7990558620588
2966 7.20452097016696
2967 7.20452097016696
2968 7.20452097016696
2969 7.20452097016696
2970 6.7990558620588
2971 7.20452097016696
2972 7.20452097016696
2973 7.20452097016696
2974 7.20452097016696
2975 6.7990558620588
2976 7.20452097016696
2977 7.20452097016696
2978 7.20452097016696
2979 6.7990558620588
2980 7.20452097016696
2981 7.20452097016696
2982 7.20452097016696
2983 7.20452097016696
2984 7.20452097016696
2985 7.20452097016696
2986 6.7990558620588
2987 7.20452097016696
2988 6.7990558620588
2989 7.20452097016696
2990 6.7990558620588
2991 7.20452097016696
2992 7.20452097016696
2993 7.20452097016696
2994 7.20452097016696
2995 7.20452097016696
2996 7.20452097016696
2997 7.20452097016696
2998 7.20452097016696
2999 7.20452097016696
3000 6.7990558620588
3001 7.20452097016696
3002 7.20452097016696
3003 7.20452097016696
3004 7.20452097016696
3005 7.20452097016696
3006 7.20452097016696
3007 7.20452097016696
3008 7.20452097016696
3009 7.20452097016696
3010 7.20452097016696
3011 7.20452097016696
3012 7.20452097016696
3013 7.20452097016696
3014 6.7990558620588
3015 7.20452097016696
3016 7.20452097016696
3017 7.20452097016696
3018 6.51137378960702
3019 7.20452097016696
3020 7.20452097016696
3021 7.20452097016696
3022 7.20452097016696
3023 7.20452097016696
3024 7.20452097016696
3025 7.20452097016696
3026 7.20452097016696
3027 7.20452097016696
3028 7.20452097016696
3029 7.20452097016696
3030 7.20452097016696
3031 7.20452097016696
3032 7.20452097016696
3033 6.7990558620588
3034 7.20452097016696
3035 6.28823023829281
3036 6.7990558620588
3037 7.20452097016696
3038 6.7990558620588
3039 7.20452097016696
3040 7.20452097016696
3041 7.20452097016696
3042 7.20452097016696
3043 7.20452097016696
3044 7.20452097016696
3045 7.20452097016696
3046 7.20452097016696
3047 7.20452097016696
3048 7.20452097016696
3049 7.20452097016696
3050 7.20452097016696
3051 7.20452097016696
3052 6.7990558620588
3053 6.28823023829281
3054 7.20452097016696
3055 7.20452097016696
3056 7.20452097016696
3057 7.20452097016696
3058 6.7990558620588
3059 7.20452097016696
3060 7.20452097016696
3061 7.20452097016696
3062 7.20452097016696
3063 7.20452097016696
3064 7.20452097016696
3065 6.51137378960702
3066 7.20452097016696
3067 7.20452097016696
3068 6.51137378960702
3069 7.20452097016696
3070 7.20452097016696
3071 6.7990558620588
3072 7.20452097016696
3073 6.7990558620588
3074 7.20452097016696
3075 6.7990558620588
3076 7.20452097016696
3077 7.20452097016696
3078 6.7990558620588
3079 7.20452097016696
3080 7.20452097016696
3081 7.20452097016696
3082 6.7990558620588
3083 7.20452097016696
3084 6.51137378960702
3085 7.20452097016696
3086 7.20452097016696
3087 7.20452097016696
3088 7.20452097016696
3089 7.20452097016696
3090 7.20452097016696
3091 7.20452097016696
3092 6.7990558620588
3093 6.7990558620588
3094 7.20452097016696
3095 7.20452097016696
3096 6.7990558620588
3097 6.51137378960702
3098 7.20452097016696
3099 7.20452097016696
3100 7.20452097016696
3101 7.20452097016696
3102 7.20452097016696
3103 7.20452097016696
3104 6.7990558620588
3105 7.20452097016696
3106 7.20452097016696
3107 7.20452097016696
3108 7.20452097016696
3109 7.20452097016696
3110 7.20452097016696
3111 7.20452097016696
3112 6.7990558620588
3113 7.20452097016696
3114 7.20452097016696
3115 7.20452097016696
3116 7.20452097016696
3117 7.20452097016696
3118 7.20452097016696
3119 6.51137378960702
3120 7.20452097016696
3121 7.20452097016696
3122 7.20452097016696
3123 7.20452097016696
3124 7.20452097016696
3125 7.20452097016696
3126 7.20452097016696
3127 7.20452097016696
3128 6.7990558620588
3129 7.20452097016696
3130 7.20452097016696
3131 7.20452097016696
3132 7.20452097016696
3133 7.20452097016696
3134 7.20452097016696
3135 7.20452097016696
3136 6.7990558620588
3137 6.7990558620588
3138 7.20452097016696
3139 7.20452097016696
3140 7.20452097016696
3141 7.20452097016696
3142 6.7990558620588
3143 7.20452097016696
3144 7.20452097016696
3145 7.20452097016696
3146 7.20452097016696
3147 7.20452097016696
3148 7.20452097016696
3149 6.51137378960702
3150 7.20452097016696
3151 7.20452097016696
3152 7.20452097016696
3153 7.20452097016696
3154 7.20452097016696
3155 7.20452097016696
3156 7.20452097016696
3157 7.20452097016696
3158 7.20452097016696
3159 7.20452097016696
3160 7.20452097016696
3161 7.20452097016696
3162 6.7990558620588
3163 6.7990558620588
3164 6.7990558620588
3165 7.20452097016696
3166 7.20452097016696
3167 6.7990558620588
3168 7.20452097016696
3169 6.51137378960702
3170 6.7990558620588
3171 6.7990558620588
3172 7.20452097016696
3173 7.20452097016696
3174 7.20452097016696
3175 7.20452097016696
3176 7.20452097016696
3177 7.20452097016696
3178 7.20452097016696
3179 7.20452097016696
3180 7.20452097016696
3181 7.20452097016696
3182 7.20452097016696
3183 7.20452097016696
3184 6.7990558620588
3185 7.20452097016696
3186 6.51137378960702
3187 6.7990558620588
3188 7.20452097016696
3189 7.20452097016696
3190 7.20452097016696
3191 6.7990558620588
3192 7.20452097016696
3193 7.20452097016696
3194 7.20452097016696
3195 7.20452097016696
3196 7.20452097016696
3197 7.20452097016696
3198 7.20452097016696
3199 7.20452097016696
3200 6.7990558620588
3201 7.20452097016696
3202 6.7990558620588
3203 7.20452097016696
3204 7.20452097016696
3205 7.20452097016696
3206 7.20452097016696
3207 7.20452097016696
3208 7.20452097016696
3209 7.20452097016696
3210 7.20452097016696
3211 7.20452097016696
3212 7.20452097016696
3213 7.20452097016696
3214 7.20452097016696
3215 7.20452097016696
3216 7.20452097016696
3217 7.20452097016696
3218 7.20452097016696
3219 7.20452097016696
3220 7.20452097016696
3221 7.20452097016696
3222 7.20452097016696
3223 7.20452097016696
3224 7.20452097016696
3225 6.7990558620588
3226 7.20452097016696
3227 7.20452097016696
3228 7.20452097016696
3229 7.20452097016696
3230 7.20452097016696
3231 7.20452097016696
3232 7.20452097016696
3233 7.20452097016696
3234 7.20452097016696
3235 6.7990558620588
3236 7.20452097016696
3237 7.20452097016696
3238 7.20452097016696
3239 7.20452097016696
3240 7.20452097016696
3241 7.20452097016696
3242 7.20452097016696
3243 7.20452097016696
3244 7.20452097016696
3245 6.7990558620588
3246 7.20452097016696
3247 7.20452097016696
3248 7.20452097016696
3249 6.28823023829281
3250 7.20452097016696
3251 7.20452097016696
3252 7.20452097016696
3253 7.20452097016696
3254 7.20452097016696
3255 7.20452097016696
3256 7.20452097016696
3257 6.7990558620588
3258 6.7990558620588
3259 7.20452097016696
3260 7.20452097016696
3261 7.20452097016696
3262 7.20452097016696
3263 6.7990558620588
3264 7.20452097016696
3265 7.20452097016696
3266 7.20452097016696
3267 7.20452097016696
3268 6.7990558620588
3269 6.7990558620588
3270 7.20452097016696
3271 7.20452097016696
3272 7.20452097016696
3273 6.7990558620588
3274 7.20452097016696
3275 7.20452097016696
3276 7.20452097016696
3277 7.20452097016696
3278 7.20452097016696
3279 6.7990558620588
3280 7.20452097016696
3281 7.20452097016696
3282 7.20452097016696
3283 7.20452097016696
3284 7.20452097016696
3285 7.20452097016696
3286 7.20452097016696
3287 7.20452097016696
3288 7.20452097016696
3289 7.20452097016696
3290 7.20452097016696
3291 7.20452097016696
3292 7.20452097016696
3293 7.20452097016696
3294 7.20452097016696
3295 6.7990558620588
3296 7.20452097016696
3297 6.51137378960702
3298 7.20452097016696
3299 6.7990558620588
3300 7.20452097016696
3301 7.20452097016696
3302 7.20452097016696
3303 7.20452097016696
3304 7.20452097016696
3305 7.20452097016696
3306 7.20452097016696
3307 7.20452097016696
3308 6.7990558620588
3309 6.7990558620588
3310 7.20452097016696
3311 7.20452097016696
3312 7.20452097016696
3313 6.10590868149885
3314 7.20452097016696
3315 7.20452097016696
3316 7.20452097016696
3317 7.20452097016696
3318 7.20452097016696
3319 7.20452097016696
3320 7.20452097016696
3321 6.7990558620588
3322 6.7990558620588
3323 6.7990558620588
3324 7.20452097016696
3325 7.20452097016696
3326 7.20452097016696
3327 6.7990558620588
3328 7.20452097016696
3329 7.20452097016696
3330 7.20452097016696
3331 7.20452097016696
3332 7.20452097016696
3333 7.20452097016696
3334 7.20452097016696
3335 7.20452097016696
3336 7.20452097016696
3337 7.20452097016696
3338 7.20452097016696
3339 7.20452097016696
3340 7.20452097016696
3341 7.20452097016696
3342 7.20452097016696
3343 7.20452097016696
3344 7.20452097016696
3345 7.20452097016696
3346 7.20452097016696
3347 7.20452097016696
3348 7.20452097016696
3349 7.20452097016696
3350 7.20452097016696
3351 7.20452097016696
3352 7.20452097016696
3353 6.7990558620588
3354 6.7990558620588
3355 7.20452097016696
3356 7.20452097016696
3357 7.20452097016696
3358 7.20452097016696
3359 7.20452097016696
3360 6.7990558620588
3361 7.20452097016696
3362 7.20452097016696
3363 7.20452097016696
3364 7.20452097016696
3365 7.20452097016696
3366 7.20452097016696
3367 7.20452097016696
3368 7.20452097016696
3369 7.20452097016696
3370 7.20452097016696
3371 7.20452097016696
3372 7.20452097016696
3373 6.7990558620588
3374 7.20452097016696
3375 7.20452097016696
3376 7.20452097016696
3377 7.20452097016696
3378 7.20452097016696
3379 7.20452097016696
3380 6.7990558620588
3381 7.20452097016696
3382 7.20452097016696
3383 7.20452097016696
3384 7.20452097016696
3385 7.20452097016696
3386 7.20452097016696
3387 7.20452097016696
3388 7.20452097016696
3389 7.20452097016696
3390 7.20452097016696
3391 7.20452097016696
3392 7.20452097016696
3393 7.20452097016696
3394 7.20452097016696
3395 7.20452097016696
3396 7.20452097016696
3397 7.20452097016696
3398 7.20452097016696
3399 7.20452097016696
3400 7.20452097016696
3401 6.7990558620588
3402 7.20452097016696
3403 7.20452097016696
3404 6.7990558620588
3405 7.20452097016696
3406 7.20452097016696
3407 6.7990558620588
3408 7.20452097016696
3409 7.20452097016696
3410 7.20452097016696
3411 7.20452097016696
3412 7.20452097016696
3413 7.20452097016696
3414 7.20452097016696
3415 7.20452097016696
3416 7.20452097016696
3417 7.20452097016696
3418 7.20452097016696
3419 7.20452097016696
3420 7.20452097016696
3421 6.7990558620588
3422 7.20452097016696
3423 7.20452097016696
3424 7.20452097016696
3425 7.20452097016696
3426 7.20452097016696
3427 6.51137378960702
3428 7.20452097016696
3429 7.20452097016696
3430 7.20452097016696
3431 7.20452097016696
3432 7.20452097016696
3433 7.20452097016696
3434 7.20452097016696
3435 7.20452097016696
3436 7.20452097016696
3437 7.20452097016696
3438 7.20452097016696
3439 7.20452097016696
3440 7.20452097016696
3441 6.7990558620588
3442 7.20452097016696
3443 7.20452097016696
3444 7.20452097016696
3445 7.20452097016696
3446 7.20452097016696
3447 7.20452097016696
3448 7.20452097016696
3449 7.20452097016696
3450 7.20452097016696
3451 6.7990558620588
3452 6.7990558620588
3453 6.7990558620588
3454 7.20452097016696
3455 7.20452097016696
3456 7.20452097016696
3457 7.20452097016696
3458 7.20452097016696
3459 7.20452097016696
3460 7.20452097016696
3461 7.20452097016696
3462 7.20452097016696
3463 7.20452097016696
3464 7.20452097016696
3465 7.20452097016696
3466 7.20452097016696
3467 7.20452097016696
3468 7.20452097016696
3469 7.20452097016696
3470 7.20452097016696
3471 7.20452097016696
3472 7.20452097016696
3473 7.20452097016696
3474 7.20452097016696
3475 7.20452097016696
3476 7.20452097016696
3477 6.7990558620588
3478 7.20452097016696
3479 6.7990558620588
3480 7.20452097016696
3481 7.20452097016696
3482 7.20452097016696
3483 7.20452097016696
3484 7.20452097016696
3485 7.20452097016696
3486 7.20452097016696
3487 7.20452097016696
3488 6.7990558620588
3489 7.20452097016696
3490 7.20452097016696
3491 7.20452097016696
3492 7.20452097016696
3493 7.20452097016696
3494 7.20452097016696
3495 7.20452097016696
3496 7.20452097016696
3497 7.20452097016696
3498 7.20452097016696
3499 7.20452097016696
3500 7.20452097016696
3501 7.20452097016696
3502 7.20452097016696
3503 7.20452097016696
3504 7.20452097016696
3505 7.20452097016696
3506 7.20452097016696
3507 7.20452097016696
3508 7.20452097016696
3509 7.20452097016696
3510 7.20452097016696
3511 7.20452097016696
3512 7.20452097016696
3513 7.20452097016696
3514 7.20452097016696
3515 7.20452097016696
3516 7.20452097016696
3517 7.20452097016696
3518 6.7990558620588
3519 6.7990558620588
3520 7.20452097016696
