11
58
111
160
215
264
311
354
407
447
499
552
598
663
711
772
822
874
925
969
1018
70615
76110
76541
76694
76953
77021
77137
81833
81859
81886
81920
81986
82031
82076
82119
82188
82236
82285
82336
82386
82431
82480
82533
82578
82624
82669
82714
82759
82803
82848
82899
82948
82992
83029
83081
83117
83161
83197
83234
83287
83331
83376
83422
83473
83532
85651
87639
89229
92096
92179
92251
92291
92331
92357
97920
107691
124147
124270
124325
124535
124669
124883
124936
125154
125365
125586
125632
125685
125734
125793
125840
125883
125924
126239
126328
126362
126406
126474
126553
126600
126643
126713
126758
126817
126864
126903
126952
126997
127035
127115
127166
127245
127441
127490
127555
127780
128006
128059
128121
128174
128213
128324
128399
128500
128549
129141
129216
129262
129344
129412
129443
129512
129561
129622
129665
129714
129747
129993
130049
130107
130195
130242
130309
130349
130380
130441
130529
130571
130601
130632
130673
130704
130765
130799
130834
131251
131300
131377
131418
131626
131809
131870
132036
132176
132229
132296
132328
132544
132614
132648
132683
133013
133123
133176
133216
133254
133299
133346
133397
133476
133527
133606
133704
133761
133808
133977
134036
134284
134504
134554
134602
134640
134718
135069
135276
135442
135487
135546
135641
135690
135747
135799
135852
135913
136075
136124
136198
136248
136281
136378
136472
136505
136728
136885
136950
137478
140517
140709
141211
141396
141445
141500
142464
142505
142829
143055
143734
143972
144554
144918
145020
145223
145668
145760
145847
145900
148930
150489
150797
150843
150907
150948
150991
153504
154869
154954
155060
155295
155383
155599
155838
155906
155967
156191
156245
156318
156546
156601
156650
156748
157254
157305
158206
158311
158399
158515
158612
162803
162840
162884
163038
165327
165381
166850
166908
166977
167990
168448
168626
168662
168704
171548
171906
173526
174000
174100
174206
174251
174302
174339
174378
174419
174507
174547
174593
177959
179511
179737
179959
180367
181149
181343
181409
181460
181511
181564
181611
182683
182875
183052
183344
183783
184162
184352
184624
184797
184967
185146
185326
185501
185676
185719
185899
186081
186265
186436
186745
187080
187126
187316
187823
188008
188110
188564
188869
188916
189277
189390
189569
189674
189796
189919
190064
190194
190322
190536
190723
190822
190907
191080
191127
191204
191257
191318
191534
191607
192008
192071
192161
192245
192434
192493
192546
192597
192648
192696
192793
192830
193117
193149
194145
194310
194551
194766
196684
196786
196860
197512
199089
199641
199730
199769
199814
199911
200235
200317
200532
200584
200632
200686
200914
201240
201373
201489
201737
202174
202220
202436
202503
202825
202924
203177
203224
203314
203532
203573
203682
203904
203976
204011
204062
204119
205590
206590
206643
206730
207065
207109
207156
207227
207270
207321
208071
208183
208238
208500
208675
208735
208782
208856
208893
209019
209168
209213
209335
209392
209561
209655
209702
209793
210005
210046
210124
210169
210359
210675
210755
210845
211124
211187
211401
211596
211641
211696
211958
212177
212238
212545
212587
212641
212689
212783
212834
213103
213152
213224
213275
213321
213366
213711
214010
214107
214156
214209
214290
214349
214381
214433
214480
214516
214577
214624
214757
214802
215067
215283
215560
215661
215702
215749
215825
218054
218129
218351
218396
218457
218519
218815
218901
218959
219020
219083
219202
219238
219308
219617
219655
219694
219742
219779
220087
220220
220331
220386
220461
220574
220610
221083
221300
221341
221378
221487
221530
221656
227754
227812
227851
227892
228218
228443
228822
