1053
1130
1167
1470
1516
1566
1610
1658
1707
1760
1808
2024
2100
2220
2270
2377
2457
2518
2619
2670
2774
2830
2938
3000
3298
3366
3428
3497
3568
3642
3716
3843
3906
3968
4039
4151
4270
4340
4410
4473
4537
4598
4659
4720
4779
4838
4928
5010
5092
5167
5238
5309
5380
5464
5549
5633
5709
5785
5861
5937
6013
6082
6152
6221
6290
6357
6424
6491
6558
6625
6690
6755
6821
6886
6951
7016
7084
7152
7217
7282
7347
7412
7477
7540
7605
7670
7736
7801
7866
7931
7990
8049
8119
8304
8440
8516
8871
9043
9134
9555
9688
9986
10100
10206
10318
10416
10521
10629
10746
10930
11034
11125
11212
11292
11649
11756
12071
12188
12300
12419
12536
12648
12760
12862
12962
13061
13159
13265
13363
13627
13719
13968
14060
14309
14401
14650
14742
14966
15053
15144
15233
15318
15421
15585
15674
15765
16001
16081
16183
16294
16398
16570
16647
16739
16832
16930
17028
17128
17228
17337
17446
17543
17638
17735
17833
17935
18030
18127
18225
18274
18383
18450
18495
18544
18775
18837
18958
19040
19115
19188
19467
19711
19975
20339
20537
20795
21053
21307
21557
21817
22071
22307
22543
22791
23041
23295
23581
23887
24171
24397
24539
24621
24746
24809
24876
24945
25019
25092
25167
25246
25317
25390
25466
25534
25602
25671
25741
25807
25890
25973
26056
26127
26200
26287
26411
26484
26551
26613
26677
26752
26826
26902
26982
27054
27128
27205
27274
27343
27413
27484
27551
27635
27719
27803
27875
27949
28037
28162
28235
28302
28429
28493
28564
28639
28713
28789
28869
28941
29015
29092
29161
29230
29300
29371
29438
29522
29606
29690
29762
29836
29924
29993
30054
30128
30200
30272
30344
30411
30476
30541
30606
30667
30731
30795
30859
31060
31147
31343
31412
31479
31542
31605
31668
31731
31791
31866
31939
32019
32079
32139
32199
32274
32349
32424
32506
32588
32670
32808
32949
33111
33273
33362
33437
33496
33555
33614
33673
33732
33791
33850
34075
34182
34266
34333
34400
34593
34666
34867
34939
35148
35224
35594
35866
36221
36333
36396
36459
36522
36585
36651
36717
36794
36871
36942
37013
37084
37155
37223
37291
37364
37437
37749
37944
38139
38334
38445
38608
38782
38956
39130
39304
39478
39652
39749
39974
40142
40310
40403
40715
40824
40986
41083
41304
41466
41628
41790
41879
42106
42205
42425
42584
42743
42902
43061
43220
43307
43515
43665
43815
43896
44107
44194
44414
44582
44750
44843
45135
45232
45380
45461
45674
45836
45998
46160
46322
46484
46581
46806
46980
47077
47330
47451
47702
47891
48080
48187
48441
48558
48799
48976
49075
49155
49449
49505
49562
49619
49673
49730
49798
49867
49926
49991
50110
50195
50279
50364
50450
50536
50620
50697
50762
50836
50911
50977
51050
51116
51181
51246
51321
51374
51439
51500
51563
51617
51675
51735
51796
51853
51911
51968
52027
52090
52160
52225
52294
52355
52435
52505
52570
52636
52701
52770
52844
52909
52972
53023
53082
53145
53213
53277
53341
53410
53460
53520
53639
53715
53791
53858
53926
53996
54059
54122
54195
54263
54325
54389
54449
54523
54591
54654
54729
54802
54869
54932
55016
55084
55140
55192
55250
55310
55362
55415
55476
55547
55613
55666
55723
55781
55840
55896
55946
56015
56074
56141
56206
56264
56326
56390
56463
56535
56595
56660
56723
56779
56839
56893
56967
57025
57084
57152
57208
57265
57337
57401
57466
57544
57614
57678
57745
57808
57880
57948
58016
58081
58142
58202
58258
58316
58374
58442
58501
58560
58636
58711
58781
58850
58909
58968
59026
59096
59168
59242
59305
59373
59435
59501
59561
59617
59676
59730
59804
59864
59923
59983
60040
60106
60166
60215
60265
60318
60373
60437
60503
60569
60623
60684
60739
60801
60867
60931
60991
61049
61129
61205
61279
61354
61429
61503
61582
61675
61750
61827
61886
61948
62009
62074
62142
62207
62260
62321
62376
62433
62491
62542
62599
62661
62723
62789
62853
62909
62967
63035
63105
63163
63227
63282
63340
63406
63466
63533
63588
63641
63712
63782
63840
63915
63990
64066
64135
64191
64249
64304
64358
64411
64465
64524
64578
64645
64697
64753
64806
64863
64935
64998
65061
65176
65337
65376
65415
65453
65542
65598
65658
65699
65745
65797
65835
65877
65926
65979
66033
66091
66145
66203
66257
66315
66368
66425
66468
66515
66610
66655
66700
66754
66811
66865
66919
66973
67027
67084
67141
67195
67252
67306
67363
67420
67470
67518
67566
67658
67717
67989
68069
68137
68216
68290
68361
68433
68499
68576
68653
68720
68806
68881
68953
69023
69094
69187
69259
69328
69409
69478
69553
69630
69704
69762
69820
69871
69923
69971
70027
70129
70191
70246
70306
70370
70422
70472
70521
70569
71286
71390
71494
71598
71700
71804
71907
72009
72113
72216
72318
72421
72525
72627
72730
72833
72936
73113
73216
73319
73422
73525
73629
73732
73836
73940
74043
74147
74251
74354
74456
74559
74662
74765
74868
74971
75075
75177
75281
75385
75489
75592
75695
75799
75903
76006
77192
77294
77396
77500
77604
77707
77810
77912
78016
78118
78222
78325
78429
78531
78635
78739
78842
78946
79050
79153
79257
79360
79463
79566
79669
79771
79875
79979
80082
80186
80288
80391
80494
80597
80701
80803
80906
81010
81113
81216
81319
81422
81524
81627
81730
83585
83688
83792
83896
84000
84103
84207
84311
84415
84517
84618
84722
84824
84926
85030
85133
85237
85340
85444
85548
85702
85804
85907
86009
86112
86215
86317
86421
86524
86627
86815
86916
87020
87124
87227
87329
87433
87535
87678
87781
87884
87988
88092
88195
88297
88401
88504
88608
88712
88814
88917
89021
89125
89269
89373
89476
89580
89683
89787
89890
89993
90096
90199
90301
90405
90444
90548
90651
90754
90857
90960
91061
91164
91268
91371
91475
91579
91682
91786
91890
91993
92130
92851
92953
93057
93160
93263
93366
93470
93574
93677
93781
93884
93988
94092
94195
94298
94401
94504
94607
94710
94814
94918
95022
95126
95230
95333
95437
95541
95645
95752
95855
95958
96061
96164
96267
96370
96473
96576
96679
96782
96885
96987
97088
97192
97295
97397
97499
97603
97707
97810
97989
98093
98197
98307
98411
98514
98617
98721
98824
98928
99032
99134
99238
99342
99445
99548
99651
99753
99856
99958
100061
100163
100266
100369
100472
100576
100679
100782
100885
100989
101091
101195
101299
101403
101506
101609
101712
101816
101918
102022
102125
102228
102332
102435
102538
102640
102743
102846
102948
103052
103154
103258
103361
103464
103568
103671
103773
103875
103979
104081
104185
104289
104391
104495
104598
104702
104805
104907
105010
105112
105215
105319
105423
105526
105629
105732
105836
105939
106042
106144
106247
106349
106453
106555
106659
106761
106864
106966
107070
107173
107276
107380
107483
107587
107895
108005
108109
108212
108316
108420
108522
108626
108730
108833
108937
109041
109145
109248
109352
109456
109558
109662
109766
109870
109973
110077
110179
110281
110385
110489
110593
110696
110799
110903
111006
111109
111213
111315
111419
111522
111626
111729
111832
111936
112039
112143
112245
112348
112452
112608
112710
112813
112916
113019
113121
113223
113325
113428
113530
113634
113737
113840
113944
114048
114151
114253
114357
114460
114563
114667
114769
114879
114982
115086
115189
115555
115658
115761
115863
115966
116070
116174
116277
116381
116485
116589
116693
116796
116899
117003
117106
117210
117313
117417
117520
117622
117726
117829
117932
118035
118138
118241
118345
118447
118550
118653
118757
118861
118965
119069
119173
119277
119379
119522
119625
119728
119873
119977
120080
120183
120327
120430
120532
120635
120739
120842
120945
121049
121152
121256
121359
121463
121567
121671
121775
121879
121983
122086
122189
122293
122396
122499
122602
122706
122810
122913
123016
123119
123222
123325
123427
123530
123632
123734
123838
123941
124043
124571
124626
127338
127392
127604
127650
127714
128277
128358
129786
129838
129890
129932
131673
131712
131762
131904
132131
132398
132436
132488
133841
133886
133927
135595
135960
136028
136540
136584
136640
137005
137146
137241
137336
137431
137737
137839
137943
138047
138151
138252
138355
138458
138561
138664
138767
138869
138972
139076
139179
139281
139384
139487
139589
139693
139797
139900
140003
140106
140210
140313
140415
140563
140606
140797
140901
141004
141107
141259
141304
141350
141738
141841
141945
142047
142150
142253
142356
142409
142740
142783
143677
143769
143827
143921
144208
144266
144324
144383
144440
144497
144613
144664
144716
144768
144818
144868
145075
145121
145170
145337
145441
145490
145530
145571
145625
145947
146049
146153
146256
146359
146462
146566
146670
146774
146878
146982
147085
147189
147292
147394
147497
147600
147704
147808
147911
148015
148118
148221
148323
148427
148531
148635
148739
148785
148827
148975
149078
149180
149283
149386
149490
149593
149696
149799
149902
150004
150178
150282
150385
150439
150528
150574
151030
151133
151236
151340
151443
151546
151649
151752
151855
151959
152062
152164
152266
152368
152471
152575
152678
152781
152884
152987
153090
153194
153297
153400
153546
153648
153752
153855
153958
154062
154165
154267
154370
154422
154465
154569
154671
154774
154821
155015
155103
155152
155199
155249
155677
155724
155785
156452
156498
156699
156795
156844
156893
156942
156991
157040
157089
157141
157200
157527
157585
157635
157704
157757
157816
157870
157925
157979
158037
158100
158154
158259
158356
158468
158572
158655
158785
158889
158991
159093
159195
159298
159401
159503
159607
159710
159814
159917
160019
160123
160225
160328
160432
160535
160638
160742
160845
160948
161052
161156
161260
161362
161465
161568
161671
161775
161878
161982
162085
162187
162290
162393
162495
162599
162701
162990
163088
163134
163238
163290
163343
163446
163549
163653
163756
163793
163835
163936
164039
164142
164244
164347
164451
164555
164659
164762
164865
164973
165077
165180
165283
165430
165482
165539
165592
165645
165762
165820
165872
165913
165954
166004
166057
166107
166157
166207
166257
166310
166363
166413
166466
166516
166569
166622
166670
166716
166760
166804
167201
167304
167408
167511
167615
167718
167870
167930
168099
168158
168241
168353
168400
168492
168755
168859
168962
169065
169168
169272
169375
169479
169583
169686
169790
169894
169998
170101
170205
170309
170412
170515
170618
170721
170825
170928
171030
171133
171237
171341
171445
171596
171699
171802
171977
172080
172183
172286
172389
172493
172595
172698
172802
172906
173010
173112
173215
173319
173423
173567
173616
173668
173715
173762
173810
173858
173906
173954
174464
174685
174789
174893
174997
175099
175203
175307
175411
175515
175618
175722
175826
175943
176046
176155
176259
176361
176464
176567
176670
176774
176878
176982
177086
177190
177293
177395
177498
177601
177703
177806
177910
178169
178272
178376
178479
178582
178686
178790
178893
178996
179099
179203
179305
179408
180010
180056
180159
180263
180464
180562
180665
180768
180872
180976
181028
181093
181693
181750
181809
181861
181913
181975
182032
182083
182353
182402
182480
182550
182620
183552
183615
183672
183724
183971
184031
184098
184290
186637
186693
187007
187447
187579
187762
187949
188285
188336
188381
188422
188469
188621
188662
188704
188754
188814
188965
189010
189052
189098
189145
189193
189238
191008
191042
191673
191719
191922
191963
192309
192745
193369
193425
193470
193530
193588
193653
193701
193755
193802
193853
193906
193968
194029
194708
194847
194896
194948
194990
195035
195080
195125
195185
195245
195305
195372
195439
195506
195560
195612
195657
195713
195762
195805
195868
195915
195963
196020
196065
196111
196172
196225
196279
196346
196405
196458
196514
196566
196627
196932
196989
197043
197093
197147
197236
197281
197388
197465
197610
197667
197715
197763
197828
197892
197951
198009
198057
198105
198152
198211
198272
198335
198387
198444
198495
198550
198599
198644
198786
198829
198892
198943
198992
199040
199115
199160
199206
199250
199294
199338
199382
199419
199460
199515
199564
199602
199688
199867
199952
199999
200044
200091
200133
200182
200477
201130
201185
201285
201328
201439
201771
201814
201872
201932
201992
202061
202130
202873
203040
203097
203135
203264
203373
203424
203479
204152
204207
204264
204322
204371
204418
204487
204551
204614
204678
204743
204808
204871
204927
204992
205055
205119
205183
205246
205314
205396
205460
205661
205705
205749
205793
205841
205885
205941
205992
206042
206095
206149
206194
206246
206291
206345
206389
206433
206490
206544
206680
206817
206870
206920
206964
207016
207359
207409
207532
207606
207658
207710
207762
207804
207854
207898
207944
207991
208303
208352
208400
208447
208933
208980
209106
209266
209447
209509
209745
210257
210308
210890
210943
210990
211035
211082
211293
211348
211450
211495
211542
212009
212066
212332
212379
212432
212476
212736
213409
213454
213503
213553
213607
213657
213800
213847
213902
214051
214671
214713
214875
214925
214979
215021
215330
215372
215421
215474
215515
215615
215903
215975
216048
216120
216184
216248
216312
216376
216440
216497
216555
216612
216669
216724
216779
216834
216889
216944
216997
217050
217104
217157
217210
217263
217319
217375
217428
217481
217534
217587
217640
217691
217744
217797
217851
217904
217957
218010
218563
218618
218675
218733
218772
218862
219995
220039
220271
220515
220649
220696
220760
220824
220889
220947
220992
221039
221189
221245
221425
221613
221888
221935
221982
222030
222078
222126
222174
222216
222267
222318
222361
222409
222471
222533
222589
222645
222701
222757
222810
222863
222906
222962
223003
223061
223118
223176
223234
223279
223339
223381
223467
223535
223743
223831
223948
224071
224144
224345
224408
224531
224688
224826
224908
225029
225123
225241
225308
225478
225590
225648
225712
225834
225907
225984
226169
226226
226275
226412
226513
226638
226707
226850
227006
227154
227227
227289
227400
227470
227525
227589
227650
227702
228302
228392
228481
228538
228638
228686
228732
228772
