1087
1208
1418
1860
1907
1964
2174
2321
2574
2725
2884
3056
3104
3150
3245
3769
4101
4214
8188
8244
8388
8599
8651
8725
8796
8959
9225
9315
9433
9813
9896
10842
11379
11464
11553
11863
11965
13466
13542
13807
13883
14148
14224
14489
14565
14830
14890
15508
15845
15923
16495
18332
18604
18660
18719
18901
19260
19317
19390
19559
19633
19805
19888
20087
20165
20250
20455
20639
20715
20893
20971
21155
21229
21401
21477
21655
21734
21921
21994
22163
22233
22393
22466
22635
22711
22889
22963
23135
23213
23397
23487
23707
23795
24009
24088
24275
24330
24463
24682
26355
28106
28364
30920
30988
31221
31280
32739
32876
33038
33200
33915
33993
34467
34528
34733
34798
35010
35077
35297
35357
35424
35507
35694
35778
35970
36039
36128
37512
37585
37665
37860
38055
38250
38531
38705
38879
39053
39227
39401
39575
39828
39899
40067
40235
40480
40553
40632
40909
41162
41231
41393
41555
41717
41954
42028
42285
42353
42512
42671
42830
42989
43148
43381
43446
43596
43746
43967
44035
44268
44339
44507
44675
44920
44985
45058
45311
45532
45601
45763
45925
46087
46249
46411
46656
46729
46903
47156
47241
47542
47620
47809
47998
48271
48354
48647
48721
48898
49210
50045
53583
65123
65234
65288
65503
66557
67616
67778
67824
67874
67928
70077
76110
76434
76599
76735
76806
76859
76912
76979
77095
112555
119482
119832
120286
131969
136684
137051
137098
137193
137288
137383
140751
143875
144918
145337
145717
145793
150676
150751
154869
155343
155599
156369
156409
158701
158742
162945
163885
165703
167821
168057
168197
168308
168536
168577
174055
174156
174642
181653
182136
188518
192367
194089
194766
197196
197328
200274
200358
201489
202545
202781
205526
207463
208031
209062
210169
211187
211918
212125
212238
213058
214248
215863
219134
221132
221573
223421
223608
223672
224009
224217
224281
224471
224632
224761
224970
225185
225371
225424
225531
225772
226061
226111
226352
226574
226774
226943
227080
227335
228261
228348
228595
228878
