76110
76434
76599
76735
76806
76859
76912
76979
77095
90405
92130
112555
119482
119832
120286
124571
124626
127338
127392
127604
127650
127714
128277
128358
129786
129838
129890
129932
131673
131712
131762
131904
131969
132131
132398
132436
132488
133841
133886
133927
135595
135960
136028
136540
136584
136640
136684
137005
137051
137098
137146
137193
137241
137288
137336
137383
137431
140563
140751
141259
141304
141350
142356
142409
142740
142783
143677
143769
143827
143875
143921
144208
144266
144324
144383
144440
144497
144613
144664
144716
144768
144818
144868
144918
145075
145121
145170
145337
145337
145441
145490
145530
145571
145625
145717
145793
148739
148785
150385
150439
150528
150676
150751
154370
154422
154774
154821
154869
155015
155103
155152
155199
155249
155343
155599
155677
155724
155785
156369
156409
156452
156498
156699
156795
156844
156893
156942
156991
157040
157089
157141
157200
157527
157585
157635
157704
157757
157816
157870
157925
157979
158037
158100
158154
158259
158356
158468
158572
158655
158701
158742
162945
162990
163088
163238
163290
163756
163793
163835
163885
165283
165430
165482
165539
165592
165645
165703
165762
165820
165872
165913
165954
166004
166057
166107
166157
166207
166257
166310
166363
166413
166466
166516
166569
166622
166670
166716
166760
166804
167821
167870
167930
168057
168099
168158
168197
168241
168308
168353
168400
168492
168536
168577
173567
173616
173668
173715
173762
173810
173858
173906
173954
174055
174156
174464
174642
177910
180010
180464
180976
181028
181093
181653
181693
181750
181809
181861
181913
181975
182032
182083
182136
182353
182402
182480
182550
182620
183552
183615
183672
183724
183971
184031
184098
184290
186637
186693
187007
187447
187579
187762
187949
188285
188336
188381
188422
188469
188518
188621
188662
188704
188754
188814
188965
189010
189052
189098
189145
189193
189238
191008
191042
191673
191719
191922
191963
192309
192367
192745
193369
193425
193470
193530
193588
193653
193701
193755
193802
193853
193906
193968
194029
194089
194708
194766
194847
194896
194948
194990
195035
195080
195125
195185
195245
195305
195372
195439
195506
195560
195612
195657
195713
195762
195805
195868
195915
195963
196020
196065
196111
196172
196225
196279
196346
196405
196458
196514
196566
196627
196932
196989
197043
197093
197147
197196
197236
197281
197328
197388
197465
197610
197667
197715
197763
197828
197892
197951
198009
198057
198105
198152
198211
198272
198335
198387
198444
198495
198550
198599
198644
198786
198829
198892
198943
198992
199040
199115
199160
199206
199250
199294
199338
199382
199419
199460
199515
199564
199602
199688
199867
199952
199999
200044
200091
200133
200182
200274
200358
200477
201130
201185
201285
201328
201439
201489
201771
201814
201872
201932
201992
202061
202130
202545
202781
202873
203040
203097
203135
203264
203373
203424
203479
204152
204207
204264
204322
204371
204418
204487
204551
204614
204678
204743
204808
204871
204927
204992
205055
205119
205183
205246
205314
205396
205460
205526
205661
205705
205749
205793
205841
205885
205941
205992
206042
206095
206149
206194
206246
206291
206345
206389
206433
206490
206544
206680
206817
206870
206920
206964
207016
207359
207409
207463
207532
207606
207658
207710
207762
207804
207854
207898
207944
207991
208031
208303
208352
208400
208447
208933
208980
209062
209106
209266
209447
209509
209745
210169
210257
210308
210890
210943
210990
211035
211082
211187
211293
211348
211450
211495
211542
211918
212009
212066
212125
212238
212332
212379
212432
212476
212736
213058
213409
213454
213503
213553
213607
213657
213800
213847
213902
214051
214248
214671
214713
214875
214925
214979
215021
215330
215372
215421
215474
215515
215615
215863
215903
215975
216048
216120
216184
216248
216312
216376
216440
216497
216555
216612
216669
216724
216779
216834
216889
216944
216997
217050
217104
217157
217210
217263
217319
217375
217428
217481
217534
217587
217640
217691
217744
217797
217851
217904
217957
218010
218563
218618
218675
218733
218772
218862
219134
219995
220039
220271
220515
220649
220696
220760
220824
220889
220947
220992
221039
221132
221189
221245
221425
221573
221613
221888
221935
221982
222030
222078
222126
222174
222216
222267
222318
222361
222409
222471
222533
222589
222645
222701
222757
222810
222863
222906
222962
223003
223061
223118
223176
223234
223279
223339
223381
223421
223467
223535
223608
223672
223743
223831
223948
224009
224071
224144
224217
224281
224345
224408
224471
224531
224632
224688
224761
224826
224908
224970
225029
225123
225185
225241
225308
225371
225424
225478
225531
225590
225648
225712
225772
225834
225907
225984
226061
226111
226169
226226
226275
226352
226412
226513
226574
226638
226707
226774
226850
226943
227006
227080
227154
227227
227289
227335
227400
227470
227525
227589
227650
227702
228261
228302
228348
228392
228481
228538
228595
228638
228686
228732
228772
228878
