71286
71390
71494
71598
71700
71804
71907
72009
72113
72216
72318
72421
72525
72627
72730
72833
72936
73040
73113
73216
73319
73422
73525
73629
73732
73836
73940
74043
74147
74251
74354
74456
74559
74662
74765
74868
74971
75075
75177
75281
75385
75489
75592
75695
75799
75903
76006
77192
77294
77396
77500
77604
77707
77810
77912
78016
78118
78222
78325
78429
78531
78635
78739
78842
78946
79050
79153
79257
79360
79463
79566
79669
79771
79875
79979
80082
80186
80288
80391
80494
80597
80701
80803
80906
81010
81113
81216
81319
81422
81524
81627
81730
83585
83688
83792
83896
84000
84103
84207
84311
84415
84517
84618
84722
84824
84926
85030
85133
85237
85340
85444
85548
85702
85804
85907
86009
86112
86215
86317
86421
86524
86627
86729
86815
86916
87020
87124
87227
87329
87433
87535
87678
87781
87884
87988
88092
88195
88297
88401
88504
88608
88712
88814
88917
89021
89125
89269
89373
89476
89580
89683
89787
89890
89993
90096
90199
90301
90444
90548
90651
90754
90857
90960
91061
91164
91268
91371
91475
91579
91682
91786
91890
91993
92851
92953
93057
93160
93263
93366
93470
93574
93677
93781
93884
93988
94092
94195
94298
94401
94504
94607
94710
94814
94918
95022
95126
95230
95333
95437
95541
95645
95752
95855
95958
96061
96164
96267
96370
96473
96576
96679
96782
96885
96987
97088
97192
97295
97397
97499
97603
97707
97810
97989
98093
98197
98307
98411
98514
98617
98721
98824
98928
99032
99134
99238
99342
99445
99548
99651
99753
99856
99958
100061
100163
100266
100369
100472
100576
100679
100782
100885
100989
101091
101195
101299
101403
101506
101609
101712
101816
101918
102022
102125
102228
102332
102435
102538
102640
102743
102846
102948
103052
103154
103258
103361
103464
103568
103671
103773
103875
103979
104081
104185
104289
104391
104495
104598
104702
104805
104907
105010
105112
105215
105319
105423
105526
105629
105732
105836
105939
106042
106144
106247
106349
106453
106555
106659
106761
106864
106966
107070
107173
107276
107380
107483
107587
107895
108005
108109
108212
108316
108420
108522
108626
108730
108833
108937
109041
109145
109248
109352
109456
109558
109662
109766
109870
109973
110077
110179
110281
110385
110489
110593
110696
110799
110903
111006
111109
111213
111315
111419
111522
111626
111729
111832
111936
112039
112143
112245
112348
112452
112608
112710
112813
112916
113019
113121
113223
113325
113428
113530
113634
113737
113840
113944
114048
114151
114253
114357
114460
114563
114667
114769
114879
114982
115086
115189
115292
115555
115658
115761
115863
115966
116070
116174
116277
116381
116485
116589
116693
116796
116899
117003
117106
117210
117313
117417
117520
117622
117726
117829
117932
118035
118138
118241
118345
118447
118550
118653
118757
118861
118965
119069
119173
119277
119379
119522
119625
119728
119873
119977
120080
120183
120327
120430
120532
120635
120739
120842
120945
121049
121152
121256
121359
121463
121567
121671
121775
121879
121983
122086
122189
122293
122396
122499
122602
122706
122810
122913
123016
123119
123222
123325
123427
123530
123632
123734
123838
123941
124043
137737
137839
137943
138047
138151
138252
138355
138458
138561
138664
138767
138869
138972
139076
139179
139281
139384
139487
139589
139693
139797
139900
140003
140106
140210
140313
140415
140606
140797
140901
141004
141107
141738
141841
141945
142047
142150
142253
145947
146049
146153
146256
146359
146462
146566
146670
146774
146878
146982
147085
147189
147292
147394
147497
147600
147704
147808
147911
148015
148118
148221
148323
148427
148531
148635
148827
148975
149078
149180
149283
149386
149490
149593
149696
149799
149902
150004
150106
150178
150282
150574
151030
151133
151236
151340
151443
151546
151649
151752
151855
151959
152062
152164
152266
152368
152471
152575
152678
152781
152884
152987
153090
153194
153297
153400
153546
153648
153752
153855
153958
154062
154165
154267
154465
154569
154671
158785
158889
158991
159093
159195
159298
159401
159503
159607
159710
159814
159917
160019
160123
160225
160328
160432
160535
160638
160742
160845
160948
161052
161156
161260
161362
161465
161568
161671
161775
161878
161982
162085
162187
162290
162393
162495
162599
162701
163134
163343
163446
163549
163653
163936
164039
164142
164244
164347
164451
164555
164659
164762
164865
164973
165077
165180
167201
167304
167408
167511
167615
167718
168755
168859
168962
169065
169168
169272
169375
169479
169583
169686
169790
169894
169998
170101
170205
170309
170412
170515
170618
170721
170825
170928
171030
171133
171237
171341
171445
171596
171699
171802
171977
172080
172183
172286
172389
172493
172595
172698
172802
172906
173010
173112
173215
173319
173423
174685
174789
174893
174997
175099
175203
175307
175411
175515
175618
175722
175826
175943
176046
176155
176259
176361
176464
176567
176670
176774
176878
176982
177086
177190
177293
177395
177498
177601
177703
177806
178169
178272
178376
178479
178582
178686
178790
178893
178996
179099
179203
179305
179408
180056
180159
180263
180562
180665
180768
180872
