1053
1087
1130
1167
1208
1418
1470
1516
1566
1610
1658
1707
1760
1808
1860
1907
1964
2024
2100
2174
2220
2270
2321
2377
2457
2518
2574
2619
2670
2725
2774
2830
2884
2938
3000
3056
3104
3150
3245
3298
3366
3428
3497
3568
3642
3716
3769
3843
3906
3968
4039
4101
4151
4214
4270
4340
4410
4473
4537
4598
4659
4720
4779
4838
4928
5010
5092
5167
5238
5309
5380
5464
5549
5633
5709
5785
5861
5937
6013
6082
6152
6221
6290
6357
6424
6491
6558
6625
6690
6755
6821
6886
6951
7016
7084
7152
7217
7282
7347
7412
7477
7540
7605
7670
7736
7801
7866
7931
7990
8049
8119
8188
8244
8304
8388
8440
8516
8599
8651
8725
8796
8871
8959
9043
9134
9225
9315
9433
9555
9688
9813
9896
9986
10100
10206
10318
10416
10521
10629
10746
10842
10930
11034
11125
11212
11292
11379
11464
11553
11649
11756
11863
11965
12071
12188
12300
12419
12536
12648
12760
12862
12962
13061
13159
13265
13363
13466
13542
13627
13719
13807
13883
13968
14060
14148
14224
14309
14401
14489
14565
14650
14742
14830
14890
14966
15053
15144
15233
15318
15421
15508
15585
15674
15765
15845
15923
16001
16081
16183
16294
16398
16495
16570
16647
16739
16832
16930
17028
17128
17228
17337
17446
17543
17638
17735
17833
17935
18030
18127
18225
18274
18332
18383
18450
18495
18544
18604
18660
18719
18775
18837
18901
18958
19040
19115
19188
19260
19317
19390
19467
19559
19633
19711
19805
19888
19975
20087
20165
20250
20339
20455
20537
20639
20715
20795
20893
20971
21053
21155
21229
21307
21401
21477
21557
21655
21734
21817
21921
21994
22071
22163
22233
22307
22393
22466
22543
22635
22711
22791
22889
22963
23041
23135
23213
23295
23397
23487
23581
23707
23795
23887
24009
24088
24171
24275
24330
24397
24463
24539
24621
24682
24746
24809
24876
24945
25019
25092
25167
25246
25317
25390
25466
25534
25602
25671
25741
25807
25890
25973
26056
26127
26200
26287
26355
26411
26484
26551
26613
26677
26752
26826
26902
26982
27054
27128
27205
27274
27343
27413
27484
27551
27635
27719
27803
27875
27949
28037
28106
28162
28235
28302
28364
28429
28493
28564
28639
28713
28789
28869
28941
29015
29092
29161
29230
29300
29371
29438
29522
29606
29690
29762
29836
29924
29993
30054
30128
30200
30272
30344
30411
30476
30541
30606
30667
30731
30795
30859
30920
30988
31060
31147
31221
31280
31343
31412
31479
31542
31605
31668
31731
31791
31866
31939
32019
32079
32139
32199
32274
32349
32424
32506
32588
32670
32739
32808
32876
32949
33038
33111
33200
33273
33362
33437
33496
33555
33614
33673
33732
33791
33850
33915
33993
34075
34182
34266
34333
34400
34467
34528
34593
34666
34733
34798
34867
34939
35010
35077
35148
35224
35297
35357
35424
35507
35594
35694
35778
35866
35970
36039
36128
36221
36333
36396
36459
36522
36585
36651
36717
36794
36871
36942
37013
37084
37155
37223
37291
37364
37437
37512
37585
37665
37749
37860
37944
38055
38139
38250
38334
38445
38531
38608
38705
38782
38879
38956
39053
39130
39227
39304
39401
39478
39575
39652
39749
39828
39899
39974
40067
40142
40235
40310
40403
40480
40553
40632
40715
40824
40909
40986
41083
41162
41231
41304
41393
41466
41555
41628
41717
41790
41879
41954
42028
42106
42205
42285
42353
42425
42512
42584
42671
42743
42830
42902
42989
43061
43148
43220
43307
43381
43446
43515
43596
43665
43746
43815
43896
43967
44035
44107
44194
44268
44339
44414
44507
44582
44675
44750
44843
44920
44985
45058
45135
45232
45311
45380
45461
45532
45601
45674
45763
45836
45925
45998
46087
46160
46249
46322
46411
46484
46581
46656
46729
46806
46903
46980
47077
47156
47241
47330
47451
47542
47620
47702
47809
47891
47998
48080
48187
48271
48354
48441
48558
48647
48721
48799
48898
48976
49075
49155
49210
49449
49505
49562
49619
49673
49730
49798
49867
49926
49991
50045
50110
50195
50279
50364
50450
50536
50620
50697
50762
50836
50911
50977
51050
51116
51181
51246
51321
51374
51439
51500
51563
51617
51675
51735
51796
51853
51911
51968
52027
52090
52160
52225
52294
52355
52435
52505
52570
52636
52701
52770
52844
52909
52972
53023
53082
53145
53213
53277
53341
53410
53460
53520
53583
53639
53715
53791
53858
53926
53996
54059
54122
54195
54263
54325
54389
54449
54523
54591
54654
54729
54802
54869
54932
55016
55084
55140
55192
55250
55310
55362
55415
55476
55547
55613
55666
55723
55781
55840
55896
55946
56015
56074
56141
56206
56264
56326
56390
56463
56535
56595
56660
56723
56779
56839
56893
56967
57025
57084
57152
57208
57265
57337
57401
57466
57544
57614
57678
57745
57808
57880
57948
58016
58081
58142
58202
58258
58316
58374
58442
58501
58560
58636
58711
58781
58850
58909
58968
59026
59096
59168
59242
59305
59373
59435
59501
59561
59617
59676
59730
59804
59864
59923
59983
60040
60106
60166
60215
60265
60318
60373
60437
60503
60569
60623
60684
60739
60801
60867
60931
60991
61049
61129
61205
61279
61354
61429
61503
61582
61675
61750
61827
61886
61948
62009
62074
62142
62207
62260
62321
62376
62433
62491
62542
62599
62661
62723
62789
62853
62909
62967
63035
63105
63163
63227
63282
63340
63406
63466
63533
63588
63641
63712
63782
63840
63915
63990
64066
64135
64191
64249
64304
64358
64411
64465
64524
64578
64645
64697
64753
64806
64863
64935
64998
65061
65123
65176
65234
65288
65337
65376
65415
65453
65503
65542
65598
65658
65699
65745
65797
65835
65877
65926
65979
66033
66091
66145
66203
66257
66315
66368
66425
66468
66515
66557
66610
66655
66700
66754
66811
66865
66919
66973
67027
67084
67141
67195
67252
67306
67363
67420
67470
67518
67566
67616
67658
67717
67778
67824
67874
67928
67989
68069
68137
68216
68290
68361
68433
68499
68576
68653
68720
68806
68881
68953
69023
69094
69187
69259
69328
69409
69478
69553
69630
69704
69762
69820
69871
69923
69971
70027
70077
70129
70191
70246
70306
70370
70422
70472
70521
70569
