70615
76110
76541
76953
77021
81859
81886
81920
81986
82031
82076
82119
82188
82236
82285
82336
82386
82431
82480
82533
82578
82624
82669
82714
82759
82803
82848
82899
82948
82992
83029
83081
83117
83161
83197
83234
83287
83331
83376
83422
83473
83532
92291
92331
92357
97920
180367
182683
182875
183052
183344
183783
184162
184352
184624
184797
184967
185146
185326
185501
185676
185719
185899
186081
186265
186436
186745
187080
187126
187316
187823
188008
188110
194145
194310
194551
197512
199089
208500
210755
213711
